time,Experiment,ESM,Source,burntFractionAll,grid_area,BA_area_pred
2000-12-31,historical,CESM2,historical (CMIP6) - CESM2,398.1085,510051523.1101868,529.8612156221996
2001-12-31,historical,CESM2,historical (CMIP6) - CESM2,332.2905,510051523.1101868,446.4769743527776
2002-12-31,historical,CESM2,historical (CMIP6) - CESM2,381.4424,510051523.1101868,507.08626066529985
2003-12-31,historical,CESM2,historical (CMIP6) - CESM2,372.4196,510051523.1101868,500.2465853602838
2004-12-31,historical,CESM2,historical (CMIP6) - CESM2,341.90213,510051523.1101868,460.159723765701
2005-12-31,historical,CESM2,historical (CMIP6) - CESM2,330.90057,510051523.1101868,437.4289472348676
2006-12-31,historical,CESM2,historical (CMIP6) - CESM2,339.37628,510051523.1101868,449.5005782584837
2007-12-31,historical,CESM2,historical (CMIP6) - CESM2,361.4065,510051523.1101868,483.2594614663417
2008-12-31,historical,CESM2,historical (CMIP6) - CESM2,414.43005,510051523.1101868,550.4657170413014
2009-12-31,historical,CESM2,historical (CMIP6) - CESM2,337.18353,510051523.1101868,453.18580462604706
2010-12-31,historical,CESM2,historical (CMIP6) - CESM2,367.71967,510051523.1101868,488.53428801416084
2011-12-31,historical,CESM2,historical (CMIP6) - CESM2,383.883,510051523.1101868,509.12873478148487
2012-12-31,historical,CESM2,historical (CMIP6) - CESM2,420.81757,510051523.1101868,562.9768217023037
2013-12-31,historical,CESM2,historical (CMIP6) - CESM2,358.45673,510051523.1101868,482.8450352602744
2014-12-31,historical,CESM2,historical (CMIP6) - CESM2,402.89267,510051523.1101868,541.709694411341
2000-12-31,historical,CESM2-WACCM,historical (CMIP6) - CESM2-WACCM,330.81534,510051523.1101868,441.1430397698974
2001-12-31,historical,CESM2-WACCM,historical (CMIP6) - CESM2-WACCM,363.7263,510051523.1101868,485.41703505317605
2002-12-31,historical,CESM2-WACCM,historical (CMIP6) - CESM2-WACCM,363.87326,510051523.1101868,488.0127430879083
2003-12-31,historical,CESM2-WACCM,historical (CMIP6) - CESM2-WACCM,354.12875,510051523.1101868,470.5263834935692
2004-12-31,historical,CESM2-WACCM,historical (CMIP6) - CESM2-WACCM,376.34824,510051523.1101868,501.8362485826145
2005-12-31,historical,CESM2-WACCM,historical (CMIP6) - CESM2-WACCM,386.86078,510051523.1101868,520.6219827630397
2006-12-31,historical,CESM2-WACCM,historical (CMIP6) - CESM2-WACCM,366.15567,510051523.1101868,490.6018961045729
2007-12-31,historical,CESM2-WACCM,historical (CMIP6) - CESM2-WACCM,424.385,510051523.1101868,566.0936213710559
2008-12-31,historical,CESM2-WACCM,historical (CMIP6) - CESM2-WACCM,364.67688,510051523.1101868,486.5829664462036
2009-12-31,historical,CESM2-WACCM,historical (CMIP6) - CESM2-WACCM,348.77216,510051523.1101868,459.3525572086883
2010-12-31,historical,CESM2-WACCM,historical (CMIP6) - CESM2-WACCM,381.80188,510051523.1101868,509.36225928878406
2011-12-31,historical,CESM2-WACCM,historical (CMIP6) - CESM2-WACCM,410.2136,510051523.1101868,551.8364380537627
2012-12-31,historical,CESM2-WACCM,historical (CMIP6) - CESM2-WACCM,404.257,510051523.1101868,541.046951394736
2013-12-31,historical,CESM2-WACCM,historical (CMIP6) - CESM2-WACCM,397.3206,510051523.1101868,522.5212411827071
2014-12-31,historical,CESM2-WACCM,historical (CMIP6) - CESM2-WACCM,354.3745,510051523.1101868,463.74773661852424
2000-12-31,historical,CMCC-CM2-SR5,historical (CMIP6) - CMCC-CM2-SR5,379.38867,510051523.1101868,473.79885090175526
2001-12-31,historical,CMCC-CM2-SR5,historical (CMIP6) - CMCC-CM2-SR5,394.24512,510051523.1101868,496.82855215367596
2002-12-31,historical,CMCC-CM2-SR5,historical (CMIP6) - CMCC-CM2-SR5,481.2699,510051523.1101868,624.3516452452003
2003-12-31,historical,CMCC-CM2-SR5,historical (CMIP6) - CMCC-CM2-SR5,340.36676,510051523.1101868,432.8359257109556
2004-12-31,historical,CMCC-CM2-SR5,historical (CMIP6) - CMCC-CM2-SR5,432.08752,510051523.1101868,522.4957068422667
2005-12-31,historical,CMCC-CM2-SR5,historical (CMIP6) - CMCC-CM2-SR5,385.8163,510051523.1101868,465.92430402606703
2006-12-31,historical,CMCC-CM2-SR5,historical (CMIP6) - CMCC-CM2-SR5,338.13507,510051523.1101868,434.38338944952386
2007-12-31,historical,CMCC-CM2-SR5,historical (CMIP6) - CMCC-CM2-SR5,347.21136,510051523.1101868,442.35483133890045
2008-12-31,historical,CMCC-CM2-SR5,historical (CMIP6) - CMCC-CM2-SR5,415.5316,510051523.1101868,514.4275368618544
2009-12-31,historical,CMCC-CM2-SR5,historical (CMIP6) - CMCC-CM2-SR5,532.58167,510051523.1101868,623.1343030932039
2010-12-31,historical,CMCC-CM2-SR5,historical (CMIP6) - CMCC-CM2-SR5,325.19083,510051523.1101868,418.80283567857566
2011-12-31,historical,CMCC-CM2-SR5,historical (CMIP6) - CMCC-CM2-SR5,434.70624,510051523.1101868,527.7591459221062
2012-12-31,historical,CMCC-CM2-SR5,historical (CMIP6) - CMCC-CM2-SR5,415.33646,510051523.1101868,531.3545490097275
2013-12-31,historical,CMCC-CM2-SR5,historical (CMIP6) - CMCC-CM2-SR5,319.01556,510051523.1101868,413.8349865137044
2014-12-31,historical,CMCC-CM2-SR5,historical (CMIP6) - CMCC-CM2-SR5,455.42053,510051523.1101868,553.5165669878571
2000-12-31,historical,EC-Earth3-CC,historical (CMIP6) - EC-Earth3-CC,346.78842,505792698.2157188,192.1341771648239
2001-12-31,historical,EC-Earth3-CC,historical (CMIP6) - EC-Earth3-CC,271.0643,505792698.2157188,148.20449421354255
2002-12-31,historical,EC-Earth3-CC,historical (CMIP6) - EC-Earth3-CC,343.99973,505792698.2157188,189.1251029019915
2003-12-31,historical,EC-Earth3-CC,historical (CMIP6) - EC-Earth3-CC,317.42975,505792698.2157188,172.88213153007854
2004-12-31,historical,EC-Earth3-CC,historical (CMIP6) - EC-Earth3-CC,261.05142,505792698.2157188,143.4872107992928
2005-12-31,historical,EC-Earth3-CC,historical (CMIP6) - EC-Earth3-CC,229.6016,505792698.2157188,125.179171053007
2006-12-31,historical,EC-Earth3-CC,historical (CMIP6) - EC-Earth3-CC,387.11523,505792698.2157188,214.6638095899272
2007-12-31,historical,EC-Earth3-CC,historical (CMIP6) - EC-Earth3-CC,315.22333,505792698.2157188,173.46744863538456
2008-12-31,historical,EC-Earth3-CC,historical (CMIP6) - EC-Earth3-CC,265.521,505792698.2157188,144.44197571722947
2009-12-31,historical,EC-Earth3-CC,historical (CMIP6) - EC-Earth3-CC,343.9071,505792698.2157188,189.50840098606406
2010-12-31,historical,EC-Earth3-CC,historical (CMIP6) - EC-Earth3-CC,213.42252,505792698.2157188,115.25524415409446
2011-12-31,historical,EC-Earth3-CC,historical (CMIP6) - EC-Earth3-CC,405.06717,505792698.2157188,222.4498606322756
2012-12-31,historical,EC-Earth3-CC,historical (CMIP6) - EC-Earth3-CC,328.56757,505792698.2157188,183.07102688681832
2013-12-31,historical,EC-Earth3-CC,historical (CMIP6) - EC-Earth3-CC,301.2047,505792698.2157188,166.83935874755701
2014-12-31,historical,EC-Earth3-CC,historical (CMIP6) - EC-Earth3-CC,383.8775,505792698.2157188,209.25306975157557
2000-12-31,historical,NorESM2-LM,historical (CMIP6) - NorESM2-LM,79.372475,510017987.8256495,425.7647254354315
2001-12-31,historical,NorESM2-LM,historical (CMIP6) - NorESM2-LM,70.88754,510017987.8256495,381.38070554976474
2002-12-31,historical,NorESM2-LM,historical (CMIP6) - NorESM2-LM,63.639748,510017987.8256495,336.09691565097796
2003-12-31,historical,NorESM2-LM,historical (CMIP6) - NorESM2-LM,74.18926,510017987.8256495,394.7142580249182
2004-12-31,historical,NorESM2-LM,historical (CMIP6) - NorESM2-LM,87.13593,510017987.8256495,468.71852546083966
2005-12-31,historical,NorESM2-LM,historical (CMIP6) - NorESM2-LM,75.018326,510017987.8256495,400.7704486046518
2006-12-31,historical,NorESM2-LM,historical (CMIP6) - NorESM2-LM,76.57472,510017987.8256495,408.95039912811205
2007-12-31,historical,NorESM2-LM,historical (CMIP6) - NorESM2-LM,73.26086,510017987.8256495,387.47604098739635
2008-12-31,historical,NorESM2-LM,historical (CMIP6) - NorESM2-LM,85.22759,510017987.8256495,454.2488868923493
2009-12-31,historical,NorESM2-LM,historical (CMIP6) - NorESM2-LM,76.57477,510017987.8256495,411.3918237991058
2010-12-31,historical,NorESM2-LM,historical (CMIP6) - NorESM2-LM,94.004036,510017987.8256495,501.9190649387712
2011-12-31,historical,NorESM2-LM,historical (CMIP6) - NorESM2-LM,84.327255,510017987.8256495,453.43549776472037
2012-12-31,historical,NorESM2-LM,historical (CMIP6) - NorESM2-LM,72.702805,510017987.8256495,386.67294884624636
2013-12-31,historical,NorESM2-LM,historical (CMIP6) - NorESM2-LM,75.74616,510017987.8256495,410.15735165384734
2014-12-31,historical,NorESM2-LM,historical (CMIP6) - NorESM2-LM,80.92247,510017987.8256495,430.1363341506904
2015-12-31,ssp126,CESM2,ssp126 (CMIP6) - CESM2,330.35052,510051523.1101868,434.0412681819579
2016-12-31,ssp126,CESM2,ssp126 (CMIP6) - CESM2,345.37042,510051523.1101868,461.57104409268635
2017-12-31,ssp126,CESM2,ssp126 (CMIP6) - CESM2,348.12506,510051523.1101868,458.9168319763845
2018-12-31,ssp126,CESM2,ssp126 (CMIP6) - CESM2,391.04858,510051523.1101868,518.6364833789146
2019-12-31,ssp126,CESM2,ssp126 (CMIP6) - CESM2,402.0139,510051523.1101868,532.6715438497354
2020-12-31,ssp126,CESM2,ssp126 (CMIP6) - CESM2,358.41245,510051523.1101868,476.05495269893555
2021-12-31,ssp126,CESM2,ssp126 (CMIP6) - CESM2,381.33072,510051523.1101868,507.35442184929275
2022-12-31,ssp126,CESM2,ssp126 (CMIP6) - CESM2,383.77582,510051523.1101868,507.49179938906065
2023-12-31,ssp126,CESM2,ssp126 (CMIP6) - CESM2,452.6221,510051523.1101868,597.6688329585596
2024-12-31,ssp126,CESM2,ssp126 (CMIP6) - CESM2,343.22183,510051523.1101868,457.26597757392125
2025-12-31,ssp126,CESM2,ssp126 (CMIP6) - CESM2,322.19904,510051523.1101868,418.682035783197
2026-12-31,ssp126,CESM2,ssp126 (CMIP6) - CESM2,426.92798,510051523.1101868,559.6590190435433
2027-12-31,ssp126,CESM2,ssp126 (CMIP6) - CESM2,330.3175,510051523.1101868,434.73209703418723
2028-12-31,ssp126,CESM2,ssp126 (CMIP6) - CESM2,409.29272,510051523.1101868,532.0402762997418
2029-12-31,ssp126,CESM2,ssp126 (CMIP6) - CESM2,417.1778,510051523.1101868,548.3110547186167
2030-12-31,ssp126,CESM2,ssp126 (CMIP6) - CESM2,367.37698,510051523.1101868,490.6162939576453
2031-12-31,ssp126,CESM2,ssp126 (CMIP6) - CESM2,383.7372,510051523.1101868,506.8753070004469
2032-12-31,ssp126,CESM2,ssp126 (CMIP6) - CESM2,369.97638,510051523.1101868,482.3040431447537
2033-12-31,ssp126,CESM2,ssp126 (CMIP6) - CESM2,408.3499,510051523.1101868,543.1999766726142
2034-12-31,ssp126,CESM2,ssp126 (CMIP6) - CESM2,348.33493,510051523.1101868,464.92833904377954
2035-12-31,ssp126,CESM2,ssp126 (CMIP6) - CESM2,374.99808,510051523.1101868,486.4820479864233
2036-12-31,ssp126,CESM2,ssp126 (CMIP6) - CESM2,359.56906,510051523.1101868,473.19355038658205
2037-12-31,ssp126,CESM2,ssp126 (CMIP6) - CESM2,468.84515,510051523.1101868,609.2025925300401
2038-12-31,ssp126,CESM2,ssp126 (CMIP6) - CESM2,441.33417,510051523.1101868,584.3997130856771
2039-12-31,ssp126,CESM2,ssp126 (CMIP6) - CESM2,387.5244,510051523.1101868,510.88643297679664
2040-12-31,ssp126,CESM2,ssp126 (CMIP6) - CESM2,432.11548,510051523.1101868,575.5726815916471
2041-12-31,ssp126,CESM2,ssp126 (CMIP6) - CESM2,396.59653,510051523.1101868,516.2307388591721
2042-12-31,ssp126,CESM2,ssp126 (CMIP6) - CESM2,375.7807,510051523.1101868,497.0134154191539
2043-12-31,ssp126,CESM2,ssp126 (CMIP6) - CESM2,376.35052,510051523.1101868,489.74400770812355
2044-12-31,ssp126,CESM2,ssp126 (CMIP6) - CESM2,369.0217,510051523.1101868,488.5146462833807
2045-12-31,ssp126,CESM2,ssp126 (CMIP6) - CESM2,365.7695,510051523.1101868,477.3984316515338
2046-12-31,ssp126,CESM2,ssp126 (CMIP6) - CESM2,378.18625,510051523.1101868,494.96926342547914
2047-12-31,ssp126,CESM2,ssp126 (CMIP6) - CESM2,435.5004,510051523.1101868,562.9112731935796
2048-12-31,ssp126,CESM2,ssp126 (CMIP6) - CESM2,367.59152,510051523.1101868,485.0552600637884
2049-12-31,ssp126,CESM2,ssp126 (CMIP6) - CESM2,363.85895,510051523.1101868,474.2936922893472
2050-12-31,ssp126,CESM2,ssp126 (CMIP6) - CESM2,396.3129,510051523.1101868,516.8103136232586
2051-12-31,ssp126,CESM2,ssp126 (CMIP6) - CESM2,439.82062,510051523.1101868,571.8762460152946
2052-12-31,ssp126,CESM2,ssp126 (CMIP6) - CESM2,365.62494,510051523.1101868,480.35127831141716
2053-12-31,ssp126,CESM2,ssp126 (CMIP6) - CESM2,376.97073,510051523.1101868,483.3846890683165
2054-12-31,ssp126,CESM2,ssp126 (CMIP6) - CESM2,384.09177,510051523.1101868,493.8177369628235
2055-12-31,ssp126,CESM2,ssp126 (CMIP6) - CESM2,344.0964,510051523.1101868,445.2115431192205
2056-12-31,ssp126,CESM2,ssp126 (CMIP6) - CESM2,406.17072,510051523.1101868,532.6084626716628
2057-12-31,ssp126,CESM2,ssp126 (CMIP6) - CESM2,356.61646,510051523.1101868,461.02857432503566
2058-12-31,ssp126,CESM2,ssp126 (CMIP6) - CESM2,414.74353,510051523.1101868,536.9845637645996
2059-12-31,ssp126,CESM2,ssp126 (CMIP6) - CESM2,403.49225,510051523.1101868,525.3468061570326
2060-12-31,ssp126,CESM2,ssp126 (CMIP6) - CESM2,443.3316,510051523.1101868,572.1828507902455
2061-12-31,ssp126,CESM2,ssp126 (CMIP6) - CESM2,374.6904,510051523.1101868,483.88987397606223
2062-12-31,ssp126,CESM2,ssp126 (CMIP6) - CESM2,439.99146,510051523.1101868,569.9411866486345
2063-12-31,ssp126,CESM2,ssp126 (CMIP6) - CESM2,382.2211,510051523.1101868,483.6958467599911
2064-12-31,ssp126,CESM2,ssp126 (CMIP6) - CESM2,384.72775,510051523.1101868,494.4842088661625
2065-12-31,ssp126,CESM2,ssp126 (CMIP6) - CESM2,405.64185,510051523.1101868,529.987438242965
2066-12-31,ssp126,CESM2,ssp126 (CMIP6) - CESM2,399.5655,510051523.1101868,523.7133446352966
2067-12-31,ssp126,CESM2,ssp126 (CMIP6) - CESM2,433.53195,510051523.1101868,569.4793887756948
2068-12-31,ssp126,CESM2,ssp126 (CMIP6) - CESM2,404.2473,510051523.1101868,529.2484170664728
2069-12-31,ssp126,CESM2,ssp126 (CMIP6) - CESM2,453.32693,510051523.1101868,588.9790176521029
2070-12-31,ssp126,CESM2,ssp126 (CMIP6) - CESM2,416.5588,510051523.1101868,537.3326909658596
2071-12-31,ssp126,CESM2,ssp126 (CMIP6) - CESM2,388.35556,510051523.1101868,511.9814814812567
2072-12-31,ssp126,CESM2,ssp126 (CMIP6) - CESM2,372.32697,510051523.1101868,486.4692220334149
2073-12-31,ssp126,CESM2,ssp126 (CMIP6) - CESM2,481.0528,510051523.1101868,614.7723917983747
2074-12-31,ssp126,CESM2,ssp126 (CMIP6) - CESM2,392.27618,510051523.1101868,508.4815919708275
2075-12-31,ssp126,CESM2,ssp126 (CMIP6) - CESM2,432.94278,510051523.1101868,558.7632476441969
2076-12-31,ssp126,CESM2,ssp126 (CMIP6) - CESM2,430.13943,510051523.1101868,559.2308619791767
2077-12-31,ssp126,CESM2,ssp126 (CMIP6) - CESM2,395.2469,510051523.1101868,508.61284639133476
2078-12-31,ssp126,CESM2,ssp126 (CMIP6) - CESM2,405.2253,510051523.1101868,527.3169203167027
2079-12-31,ssp126,CESM2,ssp126 (CMIP6) - CESM2,343.44955,510051523.1101868,446.3398756390444
2080-12-31,ssp126,CESM2,ssp126 (CMIP6) - CESM2,410.74637,510051523.1101868,535.0377471278263
2081-12-31,ssp126,CESM2,ssp126 (CMIP6) - CESM2,357.40732,510051523.1101868,463.4351478529292
2082-12-31,ssp126,CESM2,ssp126 (CMIP6) - CESM2,430.8879,510051523.1101868,562.5529376053498
2083-12-31,ssp126,CESM2,ssp126 (CMIP6) - CESM2,451.58325,510051523.1101868,589.6064053600719
2084-12-31,ssp126,CESM2,ssp126 (CMIP6) - CESM2,447.85358,510051523.1101868,578.7066586292591
2085-12-31,ssp126,CESM2,ssp126 (CMIP6) - CESM2,422.96384,510051523.1101868,547.7003315724587
2086-12-31,ssp126,CESM2,ssp126 (CMIP6) - CESM2,419.71524,510051523.1101868,546.4157260677146
2087-12-31,ssp126,CESM2,ssp126 (CMIP6) - CESM2,412.03503,510051523.1101868,538.5518316686505
2088-12-31,ssp126,CESM2,ssp126 (CMIP6) - CESM2,467.49393,510051523.1101868,605.319548456358
2089-12-31,ssp126,CESM2,ssp126 (CMIP6) - CESM2,379.4678,510051523.1101868,499.2311348828799
2090-12-31,ssp126,CESM2,ssp126 (CMIP6) - CESM2,440.2263,510051523.1101868,573.9850397641144
2091-12-31,ssp126,CESM2,ssp126 (CMIP6) - CESM2,409.04657,510051523.1101868,529.0057590136339
2092-12-31,ssp126,CESM2,ssp126 (CMIP6) - CESM2,401.53897,510051523.1101868,513.3413030356621
2093-12-31,ssp126,CESM2,ssp126 (CMIP6) - CESM2,390.9767,510051523.1101868,507.06227041214777
2094-12-31,ssp126,CESM2,ssp126 (CMIP6) - CESM2,390.66812,510051523.1101868,498.4580583331595
2095-12-31,ssp126,CESM2,ssp126 (CMIP6) - CESM2,421.578,510051523.1101868,532.9313043891183
2096-12-31,ssp126,CESM2,ssp126 (CMIP6) - CESM2,375.796,510051523.1101868,476.6077342092028
2097-12-31,ssp126,CESM2,ssp126 (CMIP6) - CESM2,344.10178,510051523.1101868,442.3844415394203
2098-12-31,ssp126,CESM2,ssp126 (CMIP6) - CESM2,367.8446,510051523.1101868,476.1523475587059
2099-12-31,ssp126,CESM2,ssp126 (CMIP6) - CESM2,427.88623,510051523.1101868,540.924154308199
2100-12-31,ssp126,CESM2,ssp126 (CMIP6) - CESM2,400.57556,510051523.1101868,514.9242963206002
2015-12-31,ssp126,CESM2-WACCM,ssp126 (CMIP6) - CESM2-WACCM,358.5624,510051523.1101868,476.28064983049427
2016-12-31,ssp126,CESM2-WACCM,ssp126 (CMIP6) - CESM2-WACCM,388.26602,510051523.1101868,515.8131787607175
2017-12-31,ssp126,CESM2-WACCM,ssp126 (CMIP6) - CESM2-WACCM,375.5202,510051523.1101868,489.8421223008424
2018-12-31,ssp126,CESM2-WACCM,ssp126 (CMIP6) - CESM2-WACCM,374.4255,510051523.1101868,503.37953968753203
2019-12-31,ssp126,CESM2-WACCM,ssp126 (CMIP6) - CESM2-WACCM,359.76974,510051523.1101868,473.46840586008847
2020-12-31,ssp126,CESM2-WACCM,ssp126 (CMIP6) - CESM2-WACCM,381.7532,510051523.1101868,506.63500888432503
2021-12-31,ssp126,CESM2-WACCM,ssp126 (CMIP6) - CESM2-WACCM,355.0214,510051523.1101868,473.68968190840246
2022-12-31,ssp126,CESM2-WACCM,ssp126 (CMIP6) - CESM2-WACCM,385.41583,510051523.1101868,512.815550623225
2023-12-31,ssp126,CESM2-WACCM,ssp126 (CMIP6) - CESM2-WACCM,407.61014,510051523.1101868,530.2762207860403
2024-12-31,ssp126,CESM2-WACCM,ssp126 (CMIP6) - CESM2-WACCM,378.9679,510051523.1101868,502.52959823083967
2025-12-31,ssp126,CESM2-WACCM,ssp126 (CMIP6) - CESM2-WACCM,325.36356,510051523.1101868,430.99839752862107
2026-12-31,ssp126,CESM2-WACCM,ssp126 (CMIP6) - CESM2-WACCM,421.6638,510051523.1101868,559.4482592170647
2027-12-31,ssp126,CESM2-WACCM,ssp126 (CMIP6) - CESM2-WACCM,358.81894,510051523.1101868,476.6652660824528
2028-12-31,ssp126,CESM2-WACCM,ssp126 (CMIP6) - CESM2-WACCM,381.14594,510051523.1101868,506.1744702729615
2029-12-31,ssp126,CESM2-WACCM,ssp126 (CMIP6) - CESM2-WACCM,395.97705,510051523.1101868,515.013230348166
2030-12-31,ssp126,CESM2-WACCM,ssp126 (CMIP6) - CESM2-WACCM,364.05325,510051523.1101868,479.14656423959195
2031-12-31,ssp126,CESM2-WACCM,ssp126 (CMIP6) - CESM2-WACCM,414.20966,510051523.1101868,547.8893318978917
2032-12-31,ssp126,CESM2-WACCM,ssp126 (CMIP6) - CESM2-WACCM,398.88907,510051523.1101868,531.7319422444559
2033-12-31,ssp126,CESM2-WACCM,ssp126 (CMIP6) - CESM2-WACCM,389.5271,510051523.1101868,518.5199598902345
2034-12-31,ssp126,CESM2-WACCM,ssp126 (CMIP6) - CESM2-WACCM,353.51767,510051523.1101868,460.895380643203
2035-12-31,ssp126,CESM2-WACCM,ssp126 (CMIP6) - CESM2-WACCM,413.0633,510051523.1101868,542.981420554062
2036-12-31,ssp126,CESM2-WACCM,ssp126 (CMIP6) - CESM2-WACCM,391.75244,510051523.1101868,520.3096705026763
2037-12-31,ssp126,CESM2-WACCM,ssp126 (CMIP6) - CESM2-WACCM,394.6837,510051523.1101868,520.9717775878399
2038-12-31,ssp126,CESM2-WACCM,ssp126 (CMIP6) - CESM2-WACCM,450.47256,510051523.1101868,589.0250173015128
2039-12-31,ssp126,CESM2-WACCM,ssp126 (CMIP6) - CESM2-WACCM,441.90662,510051523.1101868,585.3099676444255
2040-12-31,ssp126,CESM2-WACCM,ssp126 (CMIP6) - CESM2-WACCM,394.29263,510051523.1101868,507.43701770932313
2041-12-31,ssp126,CESM2-WACCM,ssp126 (CMIP6) - CESM2-WACCM,356.84677,510051523.1101868,469.6836298638557
2042-12-31,ssp126,CESM2-WACCM,ssp126 (CMIP6) - CESM2-WACCM,384.50067,510051523.1101868,502.6119842972081
2043-12-31,ssp126,CESM2-WACCM,ssp126 (CMIP6) - CESM2-WACCM,348.47418,510051523.1101868,457.4747396706607
2044-12-31,ssp126,CESM2-WACCM,ssp126 (CMIP6) - CESM2-WACCM,449.65143,510051523.1101868,593.6190324271394
2045-12-31,ssp126,CESM2-WACCM,ssp126 (CMIP6) - CESM2-WACCM,419.85184,510051523.1101868,549.2094307804986
2046-12-31,ssp126,CESM2-WACCM,ssp126 (CMIP6) - CESM2-WACCM,367.202,510051523.1101868,474.644910234622
2047-12-31,ssp126,CESM2-WACCM,ssp126 (CMIP6) - CESM2-WACCM,359.77884,510051523.1101868,473.8162732116908
2048-12-31,ssp126,CESM2-WACCM,ssp126 (CMIP6) - CESM2-WACCM,433.89548,510051523.1101868,577.0332302060007
2049-12-31,ssp126,CESM2-WACCM,ssp126 (CMIP6) - CESM2-WACCM,357.97043,510051523.1101868,465.66477343962663
2050-12-31,ssp126,CESM2-WACCM,ssp126 (CMIP6) - CESM2-WACCM,419.82043,510051523.1101868,543.265498798971
2051-12-31,ssp126,CESM2-WACCM,ssp126 (CMIP6) - CESM2-WACCM,384.83157,510051523.1101868,507.00310408906637
2052-12-31,ssp126,CESM2-WACCM,ssp126 (CMIP6) - CESM2-WACCM,456.35385,510051523.1101868,599.3403076888977
2053-12-31,ssp126,CESM2-WACCM,ssp126 (CMIP6) - CESM2-WACCM,392.38498,510051523.1101868,511.6210720138457
2054-12-31,ssp126,CESM2-WACCM,ssp126 (CMIP6) - CESM2-WACCM,395.19308,510051523.1101868,520.2525723629425
2055-12-31,ssp126,CESM2-WACCM,ssp126 (CMIP6) - CESM2-WACCM,408.18198,510051523.1101868,527.8589198158581
2056-12-31,ssp126,CESM2-WACCM,ssp126 (CMIP6) - CESM2-WACCM,392.94458,510051523.1101868,517.107197393329
2057-12-31,ssp126,CESM2-WACCM,ssp126 (CMIP6) - CESM2-WACCM,384.47012,510051523.1101868,493.36613750304235
2058-12-31,ssp126,CESM2-WACCM,ssp126 (CMIP6) - CESM2-WACCM,341.19064,510051523.1101868,445.4297452946388
2059-12-31,ssp126,CESM2-WACCM,ssp126 (CMIP6) - CESM2-WACCM,387.11792,510051523.1101868,503.08140259874364
2060-12-31,ssp126,CESM2-WACCM,ssp126 (CMIP6) - CESM2-WACCM,388.56876,510051523.1101868,505.8351300023786
2061-12-31,ssp126,CESM2-WACCM,ssp126 (CMIP6) - CESM2-WACCM,354.51215,510051523.1101868,461.08084392727767
2062-12-31,ssp126,CESM2-WACCM,ssp126 (CMIP6) - CESM2-WACCM,404.86203,510051523.1101868,522.8093951461328
2063-12-31,ssp126,CESM2-WACCM,ssp126 (CMIP6) - CESM2-WACCM,421.18713,510051523.1101868,553.8768798409169
2064-12-31,ssp126,CESM2-WACCM,ssp126 (CMIP6) - CESM2-WACCM,400.41464,510051523.1101868,514.2838053564908
2065-12-31,ssp126,CESM2-WACCM,ssp126 (CMIP6) - CESM2-WACCM,369.63776,510051523.1101868,480.1241375330617
2066-12-31,ssp126,CESM2-WACCM,ssp126 (CMIP6) - CESM2-WACCM,399.35565,510051523.1101868,521.3731513174712
2067-12-31,ssp126,CESM2-WACCM,ssp126 (CMIP6) - CESM2-WACCM,407.87012,510051523.1101868,534.3140838541675
2068-12-31,ssp126,CESM2-WACCM,ssp126 (CMIP6) - CESM2-WACCM,427.5015,510051523.1101868,565.5926738045815
2069-12-31,ssp126,CESM2-WACCM,ssp126 (CMIP6) - CESM2-WACCM,397.76587,510051523.1101868,508.6548806475741
2070-12-31,ssp126,CESM2-WACCM,ssp126 (CMIP6) - CESM2-WACCM,433.06506,510051523.1101868,560.9907766857266
2071-12-31,ssp126,CESM2-WACCM,ssp126 (CMIP6) - CESM2-WACCM,417.98163,510051523.1101868,549.3171456486585
2072-12-31,ssp126,CESM2-WACCM,ssp126 (CMIP6) - CESM2-WACCM,440.5797,510051523.1101868,568.7199249948638
2073-12-31,ssp126,CESM2-WACCM,ssp126 (CMIP6) - CESM2-WACCM,431.96033,510051523.1101868,557.0302413618076
2074-12-31,ssp126,CESM2-WACCM,ssp126 (CMIP6) - CESM2-WACCM,401.14117,510051523.1101868,524.8783312007243
2075-12-31,ssp126,CESM2-WACCM,ssp126 (CMIP6) - CESM2-WACCM,374.12283,510051523.1101868,495.53708382344934
2076-12-31,ssp126,CESM2-WACCM,ssp126 (CMIP6) - CESM2-WACCM,470.77252,510051523.1101868,632.7678822520779
2077-12-31,ssp126,CESM2-WACCM,ssp126 (CMIP6) - CESM2-WACCM,397.87262,510051523.1101868,520.4602227642412
2078-12-31,ssp126,CESM2-WACCM,ssp126 (CMIP6) - CESM2-WACCM,396.4306,510051523.1101868,509.9888039733746
2079-12-31,ssp126,CESM2-WACCM,ssp126 (CMIP6) - CESM2-WACCM,424.20868,510051523.1101868,559.1208870356662
2080-12-31,ssp126,CESM2-WACCM,ssp126 (CMIP6) - CESM2-WACCM,393.6466,510051523.1101868,517.387146742088
2081-12-31,ssp126,CESM2-WACCM,ssp126 (CMIP6) - CESM2-WACCM,450.96844,510051523.1101868,586.1639700772334
2082-12-31,ssp126,CESM2-WACCM,ssp126 (CMIP6) - CESM2-WACCM,386.3298,510051523.1101868,503.3702120980265
2083-12-31,ssp126,CESM2-WACCM,ssp126 (CMIP6) - CESM2-WACCM,422.47852,510051523.1101868,541.0088251119295
2084-12-31,ssp126,CESM2-WACCM,ssp126 (CMIP6) - CESM2-WACCM,424.02658,510051523.1101868,556.4674726093938
2085-12-31,ssp126,CESM2-WACCM,ssp126 (CMIP6) - CESM2-WACCM,390.91537,510051523.1101868,510.8689250115016
2086-12-31,ssp126,CESM2-WACCM,ssp126 (CMIP6) - CESM2-WACCM,469.09943,510051523.1101868,621.680832455639
2087-12-31,ssp126,CESM2-WACCM,ssp126 (CMIP6) - CESM2-WACCM,386.43875,510051523.1101868,504.4609672084848
2088-12-31,ssp126,CESM2-WACCM,ssp126 (CMIP6) - CESM2-WACCM,445.19925,510051523.1101868,580.0794742612225
2089-12-31,ssp126,CESM2-WACCM,ssp126 (CMIP6) - CESM2-WACCM,391.28833,510051523.1101868,519.4419563787492
2090-12-31,ssp126,CESM2-WACCM,ssp126 (CMIP6) - CESM2-WACCM,479.69452,510051523.1101868,624.9125054765977
2091-12-31,ssp126,CESM2-WACCM,ssp126 (CMIP6) - CESM2-WACCM,353.59094,510051523.1101868,462.42733903594
2092-12-31,ssp126,CESM2-WACCM,ssp126 (CMIP6) - CESM2-WACCM,439.94778,510051523.1101868,573.431067701043
2093-12-31,ssp126,CESM2-WACCM,ssp126 (CMIP6) - CESM2-WACCM,404.92307,510051523.1101868,532.6755566716819
2094-12-31,ssp126,CESM2-WACCM,ssp126 (CMIP6) - CESM2-WACCM,365.62598,510051523.1101868,472.7587931632559
2095-12-31,ssp126,CESM2-WACCM,ssp126 (CMIP6) - CESM2-WACCM,434.1175,510051523.1101868,565.9464720496566
2096-12-31,ssp126,CESM2-WACCM,ssp126 (CMIP6) - CESM2-WACCM,419.86362,510051523.1101868,550.4571972636627
2097-12-31,ssp126,CESM2-WACCM,ssp126 (CMIP6) - CESM2-WACCM,404.94037,510051523.1101868,527.9602499730075
2098-12-31,ssp126,CESM2-WACCM,ssp126 (CMIP6) - CESM2-WACCM,374.7463,510051523.1101868,477.53294768103564
2099-12-31,ssp126,CESM2-WACCM,ssp126 (CMIP6) - CESM2-WACCM,388.77148,510051523.1101868,503.64210198016457
2100-12-31,ssp126,CESM2-WACCM,ssp126 (CMIP6) - CESM2-WACCM,438.71243,510051523.1101868,563.18782037441
2015-12-31,ssp126,CMCC-CM2-SR5,ssp126 (CMIP6) - CMCC-CM2-SR5,354.70383,510051523.1101868,465.92023450670695
2016-12-31,ssp126,CMCC-CM2-SR5,ssp126 (CMIP6) - CMCC-CM2-SR5,434.84518,510051523.1101868,541.7383920361067
2017-12-31,ssp126,CMCC-CM2-SR5,ssp126 (CMIP6) - CMCC-CM2-SR5,410.4285,510051523.1101868,505.03519523403145
2018-12-31,ssp126,CMCC-CM2-SR5,ssp126 (CMIP6) - CMCC-CM2-SR5,330.68582,510051523.1101868,426.9917691871878
2019-12-31,ssp126,CMCC-CM2-SR5,ssp126 (CMIP6) - CMCC-CM2-SR5,375.2352,510051523.1101868,471.34094540066167
2020-12-31,ssp126,CMCC-CM2-SR5,ssp126 (CMIP6) - CMCC-CM2-SR5,413.29926,510051523.1101868,518.0451055530444
2021-12-31,ssp126,CMCC-CM2-SR5,ssp126 (CMIP6) - CMCC-CM2-SR5,363.66248,510051523.1101868,475.34944694214323
2022-12-31,ssp126,CMCC-CM2-SR5,ssp126 (CMIP6) - CMCC-CM2-SR5,402.04877,510051523.1101868,488.49233525703204
2023-12-31,ssp126,CMCC-CM2-SR5,ssp126 (CMIP6) - CMCC-CM2-SR5,406.15164,510051523.1101868,487.72878730984235
2024-12-31,ssp126,CMCC-CM2-SR5,ssp126 (CMIP6) - CMCC-CM2-SR5,417.08948,510051523.1101868,480.4102717672809
2025-12-31,ssp126,CMCC-CM2-SR5,ssp126 (CMIP6) - CMCC-CM2-SR5,434.37735,510051523.1101868,489.82424789685416
2026-12-31,ssp126,CMCC-CM2-SR5,ssp126 (CMIP6) - CMCC-CM2-SR5,379.69382,510051523.1101868,486.8290493436012
2027-12-31,ssp126,CMCC-CM2-SR5,ssp126 (CMIP6) - CMCC-CM2-SR5,464.85782,510051523.1101868,548.6778228811494
2028-12-31,ssp126,CMCC-CM2-SR5,ssp126 (CMIP6) - CMCC-CM2-SR5,408.137,510051523.1101868,492.66443061295854
2029-12-31,ssp126,CMCC-CM2-SR5,ssp126 (CMIP6) - CMCC-CM2-SR5,417.14728,510051523.1101868,526.9541321631326
2030-12-31,ssp126,CMCC-CM2-SR5,ssp126 (CMIP6) - CMCC-CM2-SR5,413.3709,510051523.1101868,505.6786004469441
2031-12-31,ssp126,CMCC-CM2-SR5,ssp126 (CMIP6) - CMCC-CM2-SR5,318.30344,510051523.1101868,405.8684874497284
2032-12-31,ssp126,CMCC-CM2-SR5,ssp126 (CMIP6) - CMCC-CM2-SR5,361.29004,510051523.1101868,447.8924317046847
2033-12-31,ssp126,CMCC-CM2-SR5,ssp126 (CMIP6) - CMCC-CM2-SR5,438.42877,510051523.1101868,547.5676755940101
2034-12-31,ssp126,CMCC-CM2-SR5,ssp126 (CMIP6) - CMCC-CM2-SR5,409.28534,510051523.1101868,516.292140996857
2035-12-31,ssp126,CMCC-CM2-SR5,ssp126 (CMIP6) - CMCC-CM2-SR5,415.2056,510051523.1101868,495.150487617987
2036-12-31,ssp126,CMCC-CM2-SR5,ssp126 (CMIP6) - CMCC-CM2-SR5,404.5632,510051523.1101868,493.0489394392346
2037-12-31,ssp126,CMCC-CM2-SR5,ssp126 (CMIP6) - CMCC-CM2-SR5,547.0149,510051523.1101868,621.1169613815799
2038-12-31,ssp126,CMCC-CM2-SR5,ssp126 (CMIP6) - CMCC-CM2-SR5,321.20502,510051523.1101868,413.65506122731614
2039-12-31,ssp126,CMCC-CM2-SR5,ssp126 (CMIP6) - CMCC-CM2-SR5,565.8897,510051523.1101868,638.3714324499
2040-12-31,ssp126,CMCC-CM2-SR5,ssp126 (CMIP6) - CMCC-CM2-SR5,393.58667,510051523.1101868,490.0653799887224
2041-12-31,ssp126,CMCC-CM2-SR5,ssp126 (CMIP6) - CMCC-CM2-SR5,434.14685,510051523.1101868,522.6644551474843
2042-12-31,ssp126,CMCC-CM2-SR5,ssp126 (CMIP6) - CMCC-CM2-SR5,389.7196,510051523.1101868,478.69181199605856
2043-12-31,ssp126,CMCC-CM2-SR5,ssp126 (CMIP6) - CMCC-CM2-SR5,377.05566,510051523.1101868,466.96307937298945
2044-12-31,ssp126,CMCC-CM2-SR5,ssp126 (CMIP6) - CMCC-CM2-SR5,481.9913,510051523.1101868,573.8917604950936
2045-12-31,ssp126,CMCC-CM2-SR5,ssp126 (CMIP6) - CMCC-CM2-SR5,377.76596,510051523.1101868,465.9161510245197
2046-12-31,ssp126,CMCC-CM2-SR5,ssp126 (CMIP6) - CMCC-CM2-SR5,446.1491,510051523.1101868,555.4038731684083
2047-12-31,ssp126,CMCC-CM2-SR5,ssp126 (CMIP6) - CMCC-CM2-SR5,427.98013,510051523.1101868,514.5151859299339
2048-12-31,ssp126,CMCC-CM2-SR5,ssp126 (CMIP6) - CMCC-CM2-SR5,442.2804,510051523.1101868,528.7968979571687
2049-12-31,ssp126,CMCC-CM2-SR5,ssp126 (CMIP6) - CMCC-CM2-SR5,492.2169,510051523.1101868,584.6378281762071
2050-12-31,ssp126,CMCC-CM2-SR5,ssp126 (CMIP6) - CMCC-CM2-SR5,478.55923,510051523.1101868,584.1310242226144
2051-12-31,ssp126,CMCC-CM2-SR5,ssp126 (CMIP6) - CMCC-CM2-SR5,508.8033,510051523.1101868,591.7836602057951
2052-12-31,ssp126,CMCC-CM2-SR5,ssp126 (CMIP6) - CMCC-CM2-SR5,467.63007,510051523.1101868,580.3129782889292
2053-12-31,ssp126,CMCC-CM2-SR5,ssp126 (CMIP6) - CMCC-CM2-SR5,395.52493,510051523.1101868,498.27056633263004
2054-12-31,ssp126,CMCC-CM2-SR5,ssp126 (CMIP6) - CMCC-CM2-SR5,469.16623,510051523.1101868,558.6666846234151
2055-12-31,ssp126,CMCC-CM2-SR5,ssp126 (CMIP6) - CMCC-CM2-SR5,504.0233,510051523.1101868,614.353747236806
2056-12-31,ssp126,CMCC-CM2-SR5,ssp126 (CMIP6) - CMCC-CM2-SR5,424.6642,510051523.1101868,518.7892221557544
2057-12-31,ssp126,CMCC-CM2-SR5,ssp126 (CMIP6) - CMCC-CM2-SR5,478.07455,510051523.1101868,585.5049717661426
2058-12-31,ssp126,CMCC-CM2-SR5,ssp126 (CMIP6) - CMCC-CM2-SR5,583.2685,510051523.1101868,662.8902262984536
2059-12-31,ssp126,CMCC-CM2-SR5,ssp126 (CMIP6) - CMCC-CM2-SR5,562.77905,510051523.1101868,667.1429164812988
2060-12-31,ssp126,CMCC-CM2-SR5,ssp126 (CMIP6) - CMCC-CM2-SR5,478.16443,510051523.1101868,583.649821338736
2061-12-31,ssp126,CMCC-CM2-SR5,ssp126 (CMIP6) - CMCC-CM2-SR5,430.16565,510051523.1101868,524.7814662466723
2062-12-31,ssp126,CMCC-CM2-SR5,ssp126 (CMIP6) - CMCC-CM2-SR5,560.6498,510051523.1101868,624.8546942125274
2063-12-31,ssp126,CMCC-CM2-SR5,ssp126 (CMIP6) - CMCC-CM2-SR5,545.2442,510051523.1101868,612.860083432733
2064-12-31,ssp126,CMCC-CM2-SR5,ssp126 (CMIP6) - CMCC-CM2-SR5,558.07056,510051523.1101868,644.3666093394288
2065-12-31,ssp126,CMCC-CM2-SR5,ssp126 (CMIP6) - CMCC-CM2-SR5,434.61838,510051523.1101868,549.3115084586667
2066-12-31,ssp126,CMCC-CM2-SR5,ssp126 (CMIP6) - CMCC-CM2-SR5,453.5545,510051523.1101868,562.9721284244456
2067-12-31,ssp126,CMCC-CM2-SR5,ssp126 (CMIP6) - CMCC-CM2-SR5,531.1649,510051523.1101868,634.4056518707647
2068-12-31,ssp126,CMCC-CM2-SR5,ssp126 (CMIP6) - CMCC-CM2-SR5,489.45557,510051523.1101868,579.2686063103749
2069-12-31,ssp126,CMCC-CM2-SR5,ssp126 (CMIP6) - CMCC-CM2-SR5,423.34857,510051523.1101868,509.17526717164276
2070-12-31,ssp126,CMCC-CM2-SR5,ssp126 (CMIP6) - CMCC-CM2-SR5,497.60007,510051523.1101868,591.912064216364
2071-12-31,ssp126,CMCC-CM2-SR5,ssp126 (CMIP6) - CMCC-CM2-SR5,484.30573,510051523.1101868,578.9771123650121
2072-12-31,ssp126,CMCC-CM2-SR5,ssp126 (CMIP6) - CMCC-CM2-SR5,472.0996,510051523.1101868,581.4461508036391
2073-12-31,ssp126,CMCC-CM2-SR5,ssp126 (CMIP6) - CMCC-CM2-SR5,439.5627,510051523.1101868,547.0035972231213
2074-12-31,ssp126,CMCC-CM2-SR5,ssp126 (CMIP6) - CMCC-CM2-SR5,564.3681,510051523.1101868,668.7899737121838
2075-12-31,ssp126,CMCC-CM2-SR5,ssp126 (CMIP6) - CMCC-CM2-SR5,519.2235,510051523.1101868,601.6148745341727
2076-12-31,ssp126,CMCC-CM2-SR5,ssp126 (CMIP6) - CMCC-CM2-SR5,497.2758,510051523.1101868,569.449794134116
2077-12-31,ssp126,CMCC-CM2-SR5,ssp126 (CMIP6) - CMCC-CM2-SR5,487.75995,510051523.1101868,602.6630297973962
2078-12-31,ssp126,CMCC-CM2-SR5,ssp126 (CMIP6) - CMCC-CM2-SR5,508.78806,510051523.1101868,628.7327506105852
2079-12-31,ssp126,CMCC-CM2-SR5,ssp126 (CMIP6) - CMCC-CM2-SR5,451.51712,510051523.1101868,573.0687743310816
2080-12-31,ssp126,CMCC-CM2-SR5,ssp126 (CMIP6) - CMCC-CM2-SR5,417.3219,510051523.1101868,533.4481708812019
2081-12-31,ssp126,CMCC-CM2-SR5,ssp126 (CMIP6) - CMCC-CM2-SR5,509.4323,510051523.1101868,600.0009326681715
2082-12-31,ssp126,CMCC-CM2-SR5,ssp126 (CMIP6) - CMCC-CM2-SR5,449.4056,510051523.1101868,536.628577826613
2083-12-31,ssp126,CMCC-CM2-SR5,ssp126 (CMIP6) - CMCC-CM2-SR5,429.65622,510051523.1101868,539.130350416401
2084-12-31,ssp126,CMCC-CM2-SR5,ssp126 (CMIP6) - CMCC-CM2-SR5,510.74106,510051523.1101868,617.2182253904882
2085-12-31,ssp126,CMCC-CM2-SR5,ssp126 (CMIP6) - CMCC-CM2-SR5,556.22723,510051523.1101868,669.123890274657
2086-12-31,ssp126,CMCC-CM2-SR5,ssp126 (CMIP6) - CMCC-CM2-SR5,723.97784,510051523.1101868,818.9138982167929
2087-12-31,ssp126,CMCC-CM2-SR5,ssp126 (CMIP6) - CMCC-CM2-SR5,507.39374,510051523.1101868,608.7527674358522
2088-12-31,ssp126,CMCC-CM2-SR5,ssp126 (CMIP6) - CMCC-CM2-SR5,546.0834,510051523.1101868,657.565176491988
2089-12-31,ssp126,CMCC-CM2-SR5,ssp126 (CMIP6) - CMCC-CM2-SR5,534.7125,510051523.1101868,643.1296547688592
2090-12-31,ssp126,CMCC-CM2-SR5,ssp126 (CMIP6) - CMCC-CM2-SR5,543.9581,510051523.1101868,610.1722142947268
2091-12-31,ssp126,CMCC-CM2-SR5,ssp126 (CMIP6) - CMCC-CM2-SR5,485.34018,510051523.1101868,614.4043893376194
2092-12-31,ssp126,CMCC-CM2-SR5,ssp126 (CMIP6) - CMCC-CM2-SR5,598.7303,510051523.1101868,713.4841453348578
2093-12-31,ssp126,CMCC-CM2-SR5,ssp126 (CMIP6) - CMCC-CM2-SR5,460.9364,510051523.1101868,567.5844363476813
2094-12-31,ssp126,CMCC-CM2-SR5,ssp126 (CMIP6) - CMCC-CM2-SR5,554.57874,510051523.1101868,659.7727599585397
2095-12-31,ssp126,CMCC-CM2-SR5,ssp126 (CMIP6) - CMCC-CM2-SR5,670.5018,510051523.1101868,754.1741453735817
2096-12-31,ssp126,CMCC-CM2-SR5,ssp126 (CMIP6) - CMCC-CM2-SR5,579.7801,510051523.1101868,704.9333140092895
2097-12-31,ssp126,CMCC-CM2-SR5,ssp126 (CMIP6) - CMCC-CM2-SR5,449.68143,510051523.1101868,532.075688953066
2098-12-31,ssp126,CMCC-CM2-SR5,ssp126 (CMIP6) - CMCC-CM2-SR5,503.4944,510051523.1101868,610.0269828257317
2099-12-31,ssp126,CMCC-CM2-SR5,ssp126 (CMIP6) - CMCC-CM2-SR5,485.72714,510051523.1101868,574.3629143247299
2100-12-31,ssp126,CMCC-CM2-SR5,ssp126 (CMIP6) - CMCC-CM2-SR5,592.18854,510051523.1101868,692.4406700794034
2015-12-31,ssp126,NorESM2-LM,ssp126 (CMIP6) - NorESM2-LM,74.02022,510017987.8256495,387.79919100779574
2016-12-31,ssp126,NorESM2-LM,ssp126 (CMIP6) - NorESM2-LM,70.117134,510017987.8256495,369.4329568984171
2017-12-31,ssp126,NorESM2-LM,ssp126 (CMIP6) - NorESM2-LM,80.95427,510017987.8256495,427.304845198624
2018-12-31,ssp126,NorESM2-LM,ssp126 (CMIP6) - NorESM2-LM,90.844604,510017987.8256495,479.51984873060655
2019-12-31,ssp126,NorESM2-LM,ssp126 (CMIP6) - NorESM2-LM,88.62659,510017987.8256495,456.74464772518485
2020-12-31,ssp126,NorESM2-LM,ssp126 (CMIP6) - NorESM2-LM,91.0451,510017987.8256495,483.0049862694538
2021-12-31,ssp126,NorESM2-LM,ssp126 (CMIP6) - NorESM2-LM,87.20133,510017987.8256495,459.79767774893946
2022-12-31,ssp126,NorESM2-LM,ssp126 (CMIP6) - NorESM2-LM,79.683754,510017987.8256495,421.1382870720243
2023-12-31,ssp126,NorESM2-LM,ssp126 (CMIP6) - NorESM2-LM,83.25832,510017987.8256495,442.825470452258
2024-12-31,ssp126,NorESM2-LM,ssp126 (CMIP6) - NorESM2-LM,82.5499,510017987.8256495,437.15313866697295
2025-12-31,ssp126,NorESM2-LM,ssp126 (CMIP6) - NorESM2-LM,70.56073,510017987.8256495,365.14481921302996
2026-12-31,ssp126,NorESM2-LM,ssp126 (CMIP6) - NorESM2-LM,76.25284,510017987.8256495,406.27268662498074
2027-12-31,ssp126,NorESM2-LM,ssp126 (CMIP6) - NorESM2-LM,87.38094,510017987.8256495,467.1300496941782
2028-12-31,ssp126,NorESM2-LM,ssp126 (CMIP6) - NorESM2-LM,89.6161,510017987.8256495,474.0327597739479
2029-12-31,ssp126,NorESM2-LM,ssp126 (CMIP6) - NorESM2-LM,78.23554,510017987.8256495,417.94858646671685
2030-12-31,ssp126,NorESM2-LM,ssp126 (CMIP6) - NorESM2-LM,78.43859,510017987.8256495,414.41476001734446
2031-12-31,ssp126,NorESM2-LM,ssp126 (CMIP6) - NorESM2-LM,78.66231,510017987.8256495,409.94320537764946
2032-12-31,ssp126,NorESM2-LM,ssp126 (CMIP6) - NorESM2-LM,69.773186,510017987.8256495,368.1382022606304
2033-12-31,ssp126,NorESM2-LM,ssp126 (CMIP6) - NorESM2-LM,83.33912,510017987.8256495,431.520659404812
2034-12-31,ssp126,NorESM2-LM,ssp126 (CMIP6) - NorESM2-LM,83.461266,510017987.8256495,435.38181470133617
2035-12-31,ssp126,NorESM2-LM,ssp126 (CMIP6) - NorESM2-LM,74.12847,510017987.8256495,388.4880791608201
2036-12-31,ssp126,NorESM2-LM,ssp126 (CMIP6) - NorESM2-LM,81.95839,510017987.8256495,434.2175929990439
2037-12-31,ssp126,NorESM2-LM,ssp126 (CMIP6) - NorESM2-LM,75.094055,510017987.8256495,399.0448391665198
2038-12-31,ssp126,NorESM2-LM,ssp126 (CMIP6) - NorESM2-LM,88.79611,510017987.8256495,477.69090330485534
2039-12-31,ssp126,NorESM2-LM,ssp126 (CMIP6) - NorESM2-LM,83.71314,510017987.8256495,437.52895503168713
2040-12-31,ssp126,NorESM2-LM,ssp126 (CMIP6) - NorESM2-LM,90.716354,510017987.8256495,468.98784533258055
2041-12-31,ssp126,NorESM2-LM,ssp126 (CMIP6) - NorESM2-LM,73.67736,510017987.8256495,389.3996126913623
2042-12-31,ssp126,NorESM2-LM,ssp126 (CMIP6) - NorESM2-LM,78.565994,510017987.8256495,411.3489583139077
2043-12-31,ssp126,NorESM2-LM,ssp126 (CMIP6) - NorESM2-LM,72.53052,510017987.8256495,384.4441672685578
2044-12-31,ssp126,NorESM2-LM,ssp126 (CMIP6) - NorESM2-LM,85.077225,510017987.8256495,438.30687632628445
2045-12-31,ssp126,NorESM2-LM,ssp126 (CMIP6) - NorESM2-LM,80.922714,510017987.8256495,415.8122659677329
2046-12-31,ssp126,NorESM2-LM,ssp126 (CMIP6) - NorESM2-LM,82.37516,510017987.8256495,433.17642088987014
2047-12-31,ssp126,NorESM2-LM,ssp126 (CMIP6) - NorESM2-LM,87.62517,510017987.8256495,463.4134632052842
2048-12-31,ssp126,NorESM2-LM,ssp126 (CMIP6) - NorESM2-LM,78.06226,510017987.8256495,408.70332854117026
2049-12-31,ssp126,NorESM2-LM,ssp126 (CMIP6) - NorESM2-LM,85.722725,510017987.8256495,449.45164219499446
2050-12-31,ssp126,NorESM2-LM,ssp126 (CMIP6) - NorESM2-LM,84.66014,510017987.8256495,437.6650967197242
2051-12-31,ssp126,NorESM2-LM,ssp126 (CMIP6) - NorESM2-LM,96.20882,510017987.8256495,495.0499763522148
2052-12-31,ssp126,NorESM2-LM,ssp126 (CMIP6) - NorESM2-LM,80.35694,510017987.8256495,415.2824622520805
2053-12-31,ssp126,NorESM2-LM,ssp126 (CMIP6) - NorESM2-LM,68.82275,510017987.8256495,363.692360784251
2054-12-31,ssp126,NorESM2-LM,ssp126 (CMIP6) - NorESM2-LM,81.69701,510017987.8256495,432.82719454178164
2055-12-31,ssp126,NorESM2-LM,ssp126 (CMIP6) - NorESM2-LM,79.25803,510017987.8256495,410.9837217041758
2056-12-31,ssp126,NorESM2-LM,ssp126 (CMIP6) - NorESM2-LM,80.7737,510017987.8256495,417.380841486816
2057-12-31,ssp126,NorESM2-LM,ssp126 (CMIP6) - NorESM2-LM,77.414825,510017987.8256495,406.7795942673086
2058-12-31,ssp126,NorESM2-LM,ssp126 (CMIP6) - NorESM2-LM,86.7466,510017987.8256495,454.2894385102283
2059-12-31,ssp126,NorESM2-LM,ssp126 (CMIP6) - NorESM2-LM,74.9567,510017987.8256495,392.85991097144733
2060-12-31,ssp126,NorESM2-LM,ssp126 (CMIP6) - NorESM2-LM,75.34548,510017987.8256495,393.61049972704495
2061-12-31,ssp126,NorESM2-LM,ssp126 (CMIP6) - NorESM2-LM,87.53588,510017987.8256495,452.74786499721705
2062-12-31,ssp126,NorESM2-LM,ssp126 (CMIP6) - NorESM2-LM,94.08538,510017987.8256495,480.5703114872247
2063-12-31,ssp126,NorESM2-LM,ssp126 (CMIP6) - NorESM2-LM,76.003845,510017987.8256495,393.58901170978197
2064-12-31,ssp126,NorESM2-LM,ssp126 (CMIP6) - NorESM2-LM,79.47402,510017987.8256495,415.5217678586006
2065-12-31,ssp126,NorESM2-LM,ssp126 (CMIP6) - NorESM2-LM,88.683136,510017987.8256495,462.2441529038746
2066-12-31,ssp126,NorESM2-LM,ssp126 (CMIP6) - NorESM2-LM,79.31178,510017987.8256495,413.79083760262904
2067-12-31,ssp126,NorESM2-LM,ssp126 (CMIP6) - NorESM2-LM,76.66781,510017987.8256495,393.70370883153436
2068-12-31,ssp126,NorESM2-LM,ssp126 (CMIP6) - NorESM2-LM,89.44508,510017987.8256495,465.1131576859346
2069-12-31,ssp126,NorESM2-LM,ssp126 (CMIP6) - NorESM2-LM,88.6241,510017987.8256495,463.144143856407
2070-12-31,ssp126,NorESM2-LM,ssp126 (CMIP6) - NorESM2-LM,95.07606,510017987.8256495,500.6647148205263
2071-12-31,ssp126,NorESM2-LM,ssp126 (CMIP6) - NorESM2-LM,94.27087,510017987.8256495,485.5441512135442
2072-12-31,ssp126,NorESM2-LM,ssp126 (CMIP6) - NorESM2-LM,94.97625,510017987.8256495,484.7968684873794
2073-12-31,ssp126,NorESM2-LM,ssp126 (CMIP6) - NorESM2-LM,91.80337,510017987.8256495,485.0276752762323
2074-12-31,ssp126,NorESM2-LM,ssp126 (CMIP6) - NorESM2-LM,86.49597,510017987.8256495,448.66884153480356
2075-12-31,ssp126,NorESM2-LM,ssp126 (CMIP6) - NorESM2-LM,94.22069,510017987.8256495,493.2542331571858
2076-12-31,ssp126,NorESM2-LM,ssp126 (CMIP6) - NorESM2-LM,90.62574,510017987.8256495,473.34630581100856
2077-12-31,ssp126,NorESM2-LM,ssp126 (CMIP6) - NorESM2-LM,97.31265,510017987.8256495,517.0660005906612
2078-12-31,ssp126,NorESM2-LM,ssp126 (CMIP6) - NorESM2-LM,90.92087,510017987.8256495,474.7868271221343
2079-12-31,ssp126,NorESM2-LM,ssp126 (CMIP6) - NorESM2-LM,84.63215,510017987.8256495,438.6726824929413
2080-12-31,ssp126,NorESM2-LM,ssp126 (CMIP6) - NorESM2-LM,90.72795,510017987.8256495,478.53854374206816
2081-12-31,ssp126,NorESM2-LM,ssp126 (CMIP6) - NorESM2-LM,89.979546,510017987.8256495,476.7072265392112
2082-12-31,ssp126,NorESM2-LM,ssp126 (CMIP6) - NorESM2-LM,98.92437,510017987.8256495,523.1101414019322
2083-12-31,ssp126,NorESM2-LM,ssp126 (CMIP6) - NorESM2-LM,84.034676,510017987.8256495,437.6046226780892
2084-12-31,ssp126,NorESM2-LM,ssp126 (CMIP6) - NorESM2-LM,81.50196,510017987.8256495,429.87156399968273
2085-12-31,ssp126,NorESM2-LM,ssp126 (CMIP6) - NorESM2-LM,101.164215,510017987.8256495,520.8138911850823
2086-12-31,ssp126,NorESM2-LM,ssp126 (CMIP6) - NorESM2-LM,84.93184,510017987.8256495,439.4171716210617
2087-12-31,ssp126,NorESM2-LM,ssp126 (CMIP6) - NorESM2-LM,93.2124,510017987.8256495,474.0135680814089
2088-12-31,ssp126,NorESM2-LM,ssp126 (CMIP6) - NorESM2-LM,92.38489,510017987.8256495,488.3574676478489
2089-12-31,ssp126,NorESM2-LM,ssp126 (CMIP6) - NorESM2-LM,88.78996,510017987.8256495,462.712576486102
2090-12-31,ssp126,NorESM2-LM,ssp126 (CMIP6) - NorESM2-LM,95.042206,510017987.8256495,484.4981792743651
2091-12-31,ssp126,NorESM2-LM,ssp126 (CMIP6) - NorESM2-LM,86.422386,510017987.8256495,449.9748736219484
2092-12-31,ssp126,NorESM2-LM,ssp126 (CMIP6) - NorESM2-LM,93.842964,510017987.8256495,489.5219732315457
2093-12-31,ssp126,NorESM2-LM,ssp126 (CMIP6) - NorESM2-LM,90.85479,510017987.8256495,469.66630037331294
2094-12-31,ssp126,NorESM2-LM,ssp126 (CMIP6) - NorESM2-LM,81.75621,510017987.8256495,418.00092117295276
2095-12-31,ssp126,NorESM2-LM,ssp126 (CMIP6) - NorESM2-LM,74.61142,510017987.8256495,394.0001739712981
2096-12-31,ssp126,NorESM2-LM,ssp126 (CMIP6) - NorESM2-LM,84.72041,510017987.8256495,434.2657839751176
2097-12-31,ssp126,NorESM2-LM,ssp126 (CMIP6) - NorESM2-LM,88.26386,510017987.8256495,454.7574262053669
2098-12-31,ssp126,NorESM2-LM,ssp126 (CMIP6) - NorESM2-LM,82.46931,510017987.8256495,429.41994129956134
2099-12-31,ssp126,NorESM2-LM,ssp126 (CMIP6) - NorESM2-LM,90.677734,510017987.8256495,468.49971663010126
2100-12-31,ssp126,NorESM2-LM,ssp126 (CMIP6) - NorESM2-LM,85.260376,510017987.8256495,439.749148839495
2015-12-31,ssp245,CESM2,ssp245 (CMIP6) - CESM2,354.2755,510051523.1101868,476.27100385094207
2016-12-31,ssp245,CESM2,ssp245 (CMIP6) - CESM2,381.00964,510051523.1101868,509.2887545909221
2017-12-31,ssp245,CESM2,ssp245 (CMIP6) - CESM2,400.20105,510051523.1101868,536.6957208154423
2018-12-31,ssp245,CESM2,ssp245 (CMIP6) - CESM2,391.7749,510051523.1101868,518.8764189574982
2019-12-31,ssp245,CESM2,ssp245 (CMIP6) - CESM2,354.08115,510051523.1101868,471.1573099950917
2020-12-31,ssp245,CESM2,ssp245 (CMIP6) - CESM2,353.59103,510051523.1101868,466.976976167615
2021-12-31,ssp245,CESM2,ssp245 (CMIP6) - CESM2,348.103,510051523.1101868,466.0103466882959
2022-12-31,ssp245,CESM2,ssp245 (CMIP6) - CESM2,394.50003,510051523.1101868,519.062988807521
2023-12-31,ssp245,CESM2,ssp245 (CMIP6) - CESM2,393.40945,510051523.1101868,519.4043108730075
2024-12-31,ssp245,CESM2,ssp245 (CMIP6) - CESM2,336.76196,510051523.1101868,453.4276277666895
2025-12-31,ssp245,CESM2,ssp245 (CMIP6) - CESM2,336.48505,510051523.1101868,443.338989176729
2026-12-31,ssp245,CESM2,ssp245 (CMIP6) - CESM2,389.28397,510051523.1101868,514.0600856009208
2027-12-31,ssp245,CESM2,ssp245 (CMIP6) - CESM2,371.90485,510051523.1101868,492.59045366651077
2028-12-31,ssp245,CESM2,ssp245 (CMIP6) - CESM2,372.7988,510051523.1101868,494.9411811398858
2029-12-31,ssp245,CESM2,ssp245 (CMIP6) - CESM2,409.9647,510051523.1101868,545.0993233455823
2030-12-31,ssp245,CESM2,ssp245 (CMIP6) - CESM2,357.9141,510051523.1101868,475.9153030797241
2031-12-31,ssp245,CESM2,ssp245 (CMIP6) - CESM2,361.83374,510051523.1101868,478.4074465248968
2032-12-31,ssp245,CESM2,ssp245 (CMIP6) - CESM2,339.70468,510051523.1101868,449.853575592361
2033-12-31,ssp245,CESM2,ssp245 (CMIP6) - CESM2,357.06232,510051523.1101868,474.45873581145236
2034-12-31,ssp245,CESM2,ssp245 (CMIP6) - CESM2,342.97632,510051523.1101868,451.5987289794867
2035-12-31,ssp245,CESM2,ssp245 (CMIP6) - CESM2,366.6311,510051523.1101868,483.0209763611708
2036-12-31,ssp245,CESM2,ssp245 (CMIP6) - CESM2,399.9458,510051523.1101868,527.2209251369366
2037-12-31,ssp245,CESM2,ssp245 (CMIP6) - CESM2,354.09232,510051523.1101868,469.44870967848976
2038-12-31,ssp245,CESM2,ssp245 (CMIP6) - CESM2,403.17303,510051523.1101868,529.7566778124904
2039-12-31,ssp245,CESM2,ssp245 (CMIP6) - CESM2,386.79715,510051523.1101868,506.81149289634783
2040-12-31,ssp245,CESM2,ssp245 (CMIP6) - CESM2,386.05438,510051523.1101868,510.86470188630153
2041-12-31,ssp245,CESM2,ssp245 (CMIP6) - CESM2,321.2868,510051523.1101868,423.2533223505579
2042-12-31,ssp245,CESM2,ssp245 (CMIP6) - CESM2,360.86923,510051523.1101868,466.8530575806244
2043-12-31,ssp245,CESM2,ssp245 (CMIP6) - CESM2,384.4323,510051523.1101868,505.5791452133689
2044-12-31,ssp245,CESM2,ssp245 (CMIP6) - CESM2,361.83575,510051523.1101868,481.5538830234783
2045-12-31,ssp245,CESM2,ssp245 (CMIP6) - CESM2,386.10867,510051523.1101868,495.5611154057238
2046-12-31,ssp245,CESM2,ssp245 (CMIP6) - CESM2,317.8644,510051523.1101868,417.9276557432177
2047-12-31,ssp245,CESM2,ssp245 (CMIP6) - CESM2,330.7508,510051523.1101868,429.49332668770904
2048-12-31,ssp245,CESM2,ssp245 (CMIP6) - CESM2,346.34372,510051523.1101868,448.0405785621901
2049-12-31,ssp245,CESM2,ssp245 (CMIP6) - CESM2,419.0524,510051523.1101868,539.862143921645
2050-12-31,ssp245,CESM2,ssp245 (CMIP6) - CESM2,370.32742,510051523.1101868,479.91720766133284
2051-12-31,ssp245,CESM2,ssp245 (CMIP6) - CESM2,338.3109,510051523.1101868,444.06783727734404
2052-12-31,ssp245,CESM2,ssp245 (CMIP6) - CESM2,396.06287,510051523.1101868,513.9138292041323
2053-12-31,ssp245,CESM2,ssp245 (CMIP6) - CESM2,337.42007,510051523.1101868,437.9933848362725
2054-12-31,ssp245,CESM2,ssp245 (CMIP6) - CESM2,357.4306,510051523.1101868,469.8940811787177
2055-12-31,ssp245,CESM2,ssp245 (CMIP6) - CESM2,368.88345,510051523.1101868,478.1311161006332
2056-12-31,ssp245,CESM2,ssp245 (CMIP6) - CESM2,371.37097,510051523.1101868,484.71145203174507
2057-12-31,ssp245,CESM2,ssp245 (CMIP6) - CESM2,388.62555,510051523.1101868,515.0079650430556
2058-12-31,ssp245,CESM2,ssp245 (CMIP6) - CESM2,321.6573,510051523.1101868,423.27387403876486
2059-12-31,ssp245,CESM2,ssp245 (CMIP6) - CESM2,366.97327,510051523.1101868,480.55665266350474
2060-12-31,ssp245,CESM2,ssp245 (CMIP6) - CESM2,346.52957,510051523.1101868,445.17420999306313
2061-12-31,ssp245,CESM2,ssp245 (CMIP6) - CESM2,446.78323,510051523.1101868,575.206986048619
2062-12-31,ssp245,CESM2,ssp245 (CMIP6) - CESM2,385.11575,510051523.1101868,484.1182303773646
2063-12-31,ssp245,CESM2,ssp245 (CMIP6) - CESM2,376.8142,510051523.1101868,478.7194708169771
2064-12-31,ssp245,CESM2,ssp245 (CMIP6) - CESM2,392.9837,510051523.1101868,504.3241501375561
2065-12-31,ssp245,CESM2,ssp245 (CMIP6) - CESM2,367.20926,510051523.1101868,480.82073464201034
2066-12-31,ssp245,CESM2,ssp245 (CMIP6) - CESM2,429.4634,510051523.1101868,554.6923447876618
2067-12-31,ssp245,CESM2,ssp245 (CMIP6) - CESM2,380.88654,510051523.1101868,499.36486685267005
2068-12-31,ssp245,CESM2,ssp245 (CMIP6) - CESM2,360.71704,510051523.1101868,473.9010723610881
2069-12-31,ssp245,CESM2,ssp245 (CMIP6) - CESM2,410.5576,510051523.1101868,531.0856486617326
2070-12-31,ssp245,CESM2,ssp245 (CMIP6) - CESM2,456.08273,510051523.1101868,584.852163130283
2071-12-31,ssp245,CESM2,ssp245 (CMIP6) - CESM2,376.7925,510051523.1101868,481.7103613541293
2072-12-31,ssp245,CESM2,ssp245 (CMIP6) - CESM2,351.09155,510051523.1101868,452.43384656554895
2073-12-31,ssp245,CESM2,ssp245 (CMIP6) - CESM2,385.22067,510051523.1101868,489.31032403138016
2074-12-31,ssp245,CESM2,ssp245 (CMIP6) - CESM2,370.97046,510051523.1101868,489.26278055525523
2075-12-31,ssp245,CESM2,ssp245 (CMIP6) - CESM2,412.22293,510051523.1101868,531.6636449151002
2076-12-31,ssp245,CESM2,ssp245 (CMIP6) - CESM2,375.83243,510051523.1101868,491.87362800992173
2077-12-31,ssp245,CESM2,ssp245 (CMIP6) - CESM2,368.21204,510051523.1101868,477.4525228724488
2078-12-31,ssp245,CESM2,ssp245 (CMIP6) - CESM2,377.25958,510051523.1101868,487.3938693915751
2079-12-31,ssp245,CESM2,ssp245 (CMIP6) - CESM2,340.0969,510051523.1101868,428.5803343481689
2080-12-31,ssp245,CESM2,ssp245 (CMIP6) - CESM2,348.16788,510051523.1101868,446.79130434447524
2081-12-31,ssp245,CESM2,ssp245 (CMIP6) - CESM2,428.70145,510051523.1101868,554.6929542733692
2082-12-31,ssp245,CESM2,ssp245 (CMIP6) - CESM2,371.61258,510051523.1101868,488.45943922039385
2083-12-31,ssp245,CESM2,ssp245 (CMIP6) - CESM2,353.80048,510051523.1101868,464.65554081156705
2084-12-31,ssp245,CESM2,ssp245 (CMIP6) - CESM2,459.34326,510051523.1101868,592.3872330993493
2085-12-31,ssp245,CESM2,ssp245 (CMIP6) - CESM2,395.37598,510051523.1101868,507.50664881767125
2086-12-31,ssp245,CESM2,ssp245 (CMIP6) - CESM2,389.63818,510051523.1101868,497.4371576222233
2087-12-31,ssp245,CESM2,ssp245 (CMIP6) - CESM2,389.02106,510051523.1101868,504.4598727053168
2088-12-31,ssp245,CESM2,ssp245 (CMIP6) - CESM2,405.36102,510051523.1101868,519.0205622292624
2089-12-31,ssp245,CESM2,ssp245 (CMIP6) - CESM2,397.64307,510051523.1101868,520.5944995929144
2090-12-31,ssp245,CESM2,ssp245 (CMIP6) - CESM2,386.04477,510051523.1101868,499.4511733748972
2091-12-31,ssp245,CESM2,ssp245 (CMIP6) - CESM2,403.7143,510051523.1101868,520.595149031906
2092-12-31,ssp245,CESM2,ssp245 (CMIP6) - CESM2,410.28677,510051523.1101868,532.0532553282502
2093-12-31,ssp245,CESM2,ssp245 (CMIP6) - CESM2,372.73343,510051523.1101868,476.0397460745513
2094-12-31,ssp245,CESM2,ssp245 (CMIP6) - CESM2,369.81036,510051523.1101868,474.0590681694129
2095-12-31,ssp245,CESM2,ssp245 (CMIP6) - CESM2,386.63693,510051523.1101868,502.5709104937479
2096-12-31,ssp245,CESM2,ssp245 (CMIP6) - CESM2,354.49792,510051523.1101868,461.1046495410018
2097-12-31,ssp245,CESM2,ssp245 (CMIP6) - CESM2,431.0469,510051523.1101868,545.7986541697181
2098-12-31,ssp245,CESM2,ssp245 (CMIP6) - CESM2,347.3595,510051523.1101868,446.2906543895154
2099-12-31,ssp245,CESM2,ssp245 (CMIP6) - CESM2,383.51746,510051523.1101868,488.1537241612998
2100-12-31,ssp245,CESM2,ssp245 (CMIP6) - CESM2,355.95187,510051523.1101868,457.82856019882695
2015-12-31,ssp245,CESM2-WACCM,ssp245 (CMIP6) - CESM2-WACCM,379.51004,510051523.1101868,505.3099839595055
2016-12-31,ssp245,CESM2-WACCM,ssp245 (CMIP6) - CESM2-WACCM,387.5353,510051523.1101868,510.26281028312127
2017-12-31,ssp245,CESM2-WACCM,ssp245 (CMIP6) - CESM2-WACCM,374.78998,510051523.1101868,502.1079291438208
2018-12-31,ssp245,CESM2-WACCM,ssp245 (CMIP6) - CESM2-WACCM,366.96683,510051523.1101868,489.6973114588861
2019-12-31,ssp245,CESM2-WACCM,ssp245 (CMIP6) - CESM2-WACCM,366.44415,510051523.1101868,485.4226833146648
2020-12-31,ssp245,CESM2-WACCM,ssp245 (CMIP6) - CESM2-WACCM,339.63605,510051523.1101868,454.508308991313
2021-12-31,ssp245,CESM2-WACCM,ssp245 (CMIP6) - CESM2-WACCM,378.22757,510051523.1101868,501.9909734046789
2022-12-31,ssp245,CESM2-WACCM,ssp245 (CMIP6) - CESM2-WACCM,353.9478,510051523.1101868,475.5598429080587
2023-12-31,ssp245,CESM2-WACCM,ssp245 (CMIP6) - CESM2-WACCM,406.46548,510051523.1101868,537.5127461481646
2024-12-31,ssp245,CESM2-WACCM,ssp245 (CMIP6) - CESM2-WACCM,369.76624,510051523.1101868,493.4201092833957
2025-12-31,ssp245,CESM2-WACCM,ssp245 (CMIP6) - CESM2-WACCM,370.4884,510051523.1101868,492.87380653018255
2026-12-31,ssp245,CESM2-WACCM,ssp245 (CMIP6) - CESM2-WACCM,410.6452,510051523.1101868,536.3412831400638
2027-12-31,ssp245,CESM2-WACCM,ssp245 (CMIP6) - CESM2-WACCM,369.7989,510051523.1101868,489.7536657747305
2028-12-31,ssp245,CESM2-WACCM,ssp245 (CMIP6) - CESM2-WACCM,356.5487,510051523.1101868,474.8260547304407
2029-12-31,ssp245,CESM2-WACCM,ssp245 (CMIP6) - CESM2-WACCM,355.88113,510051523.1101868,473.6992658167463
2030-12-31,ssp245,CESM2-WACCM,ssp245 (CMIP6) - CESM2-WACCM,396.56143,510051523.1101868,520.4488267821205
2031-12-31,ssp245,CESM2-WACCM,ssp245 (CMIP6) - CESM2-WACCM,365.4249,510051523.1101868,479.3933736580496
2032-12-31,ssp245,CESM2-WACCM,ssp245 (CMIP6) - CESM2-WACCM,344.6821,510051523.1101868,458.0248139279369
2033-12-31,ssp245,CESM2-WACCM,ssp245 (CMIP6) - CESM2-WACCM,362.22437,510051523.1101868,479.1241954161714
2034-12-31,ssp245,CESM2-WACCM,ssp245 (CMIP6) - CESM2-WACCM,423.41708,510051523.1101868,562.788014612361
2035-12-31,ssp245,CESM2-WACCM,ssp245 (CMIP6) - CESM2-WACCM,349.03104,510051523.1101868,463.40612092129226
2036-12-31,ssp245,CESM2-WACCM,ssp245 (CMIP6) - CESM2-WACCM,358.11523,510051523.1101868,478.9366381895757
2037-12-31,ssp245,CESM2-WACCM,ssp245 (CMIP6) - CESM2-WACCM,390.84863,510051523.1101868,522.9701658670627
2038-12-31,ssp245,CESM2-WACCM,ssp245 (CMIP6) - CESM2-WACCM,339.6794,510051523.1101868,450.09704147742474
2039-12-31,ssp245,CESM2-WACCM,ssp245 (CMIP6) - CESM2-WACCM,409.59662,510051523.1101868,541.8492581569143
2040-12-31,ssp245,CESM2-WACCM,ssp245 (CMIP6) - CESM2-WACCM,355.69995,510051523.1101868,472.94867816566955
2041-12-31,ssp245,CESM2-WACCM,ssp245 (CMIP6) - CESM2-WACCM,399.06482,510051523.1101868,520.6078136356288
2042-12-31,ssp245,CESM2-WACCM,ssp245 (CMIP6) - CESM2-WACCM,368.225,510051523.1101868,485.21109032582075
2043-12-31,ssp245,CESM2-WACCM,ssp245 (CMIP6) - CESM2-WACCM,358.7043,510051523.1101868,470.616770043099
2044-12-31,ssp245,CESM2-WACCM,ssp245 (CMIP6) - CESM2-WACCM,361.3121,510051523.1101868,475.32455290761857
2045-12-31,ssp245,CESM2-WACCM,ssp245 (CMIP6) - CESM2-WACCM,353.7996,510051523.1101868,462.2041256299266
2046-12-31,ssp245,CESM2-WACCM,ssp245 (CMIP6) - CESM2-WACCM,326.39963,510051523.1101868,430.5929834384166
2047-12-31,ssp245,CESM2-WACCM,ssp245 (CMIP6) - CESM2-WACCM,413.6676,510051523.1101868,548.4127864622399
2048-12-31,ssp245,CESM2-WACCM,ssp245 (CMIP6) - CESM2-WACCM,364.59607,510051523.1101868,477.33503090202584
2049-12-31,ssp245,CESM2-WACCM,ssp245 (CMIP6) - CESM2-WACCM,397.07462,510051523.1101868,525.1551559003595
2050-12-31,ssp245,CESM2-WACCM,ssp245 (CMIP6) - CESM2-WACCM,348.968,510051523.1101868,455.9045817450049
2051-12-31,ssp245,CESM2-WACCM,ssp245 (CMIP6) - CESM2-WACCM,338.54047,510051523.1101868,444.486128045946
2052-12-31,ssp245,CESM2-WACCM,ssp245 (CMIP6) - CESM2-WACCM,340.31018,510051523.1101868,448.2132974419649
2053-12-31,ssp245,CESM2-WACCM,ssp245 (CMIP6) - CESM2-WACCM,369.6245,510051523.1101868,486.032764004057
2054-12-31,ssp245,CESM2-WACCM,ssp245 (CMIP6) - CESM2-WACCM,402.30804,510051523.1101868,522.9819838702964
2055-12-31,ssp245,CESM2-WACCM,ssp245 (CMIP6) - CESM2-WACCM,381.86072,510051523.1101868,497.1288650376656
2056-12-31,ssp245,CESM2-WACCM,ssp245 (CMIP6) - CESM2-WACCM,354.52164,510051523.1101868,461.63397805995726
2057-12-31,ssp245,CESM2-WACCM,ssp245 (CMIP6) - CESM2-WACCM,383.44427,510051523.1101868,499.1312387579446
2058-12-31,ssp245,CESM2-WACCM,ssp245 (CMIP6) - CESM2-WACCM,402.87506,510051523.1101868,530.5030408882247
2059-12-31,ssp245,CESM2-WACCM,ssp245 (CMIP6) - CESM2-WACCM,346.1591,510051523.1101868,450.2254810239291
2060-12-31,ssp245,CESM2-WACCM,ssp245 (CMIP6) - CESM2-WACCM,313.8448,510051523.1101868,411.1762680206667
2061-12-31,ssp245,CESM2-WACCM,ssp245 (CMIP6) - CESM2-WACCM,371.84756,510051523.1101868,482.6171664006554
2062-12-31,ssp245,CESM2-WACCM,ssp245 (CMIP6) - CESM2-WACCM,339.61386,510051523.1101868,441.1179529434428
2063-12-31,ssp245,CESM2-WACCM,ssp245 (CMIP6) - CESM2-WACCM,362.33612,510051523.1101868,476.8220322171431
2064-12-31,ssp245,CESM2-WACCM,ssp245 (CMIP6) - CESM2-WACCM,346.23077,510051523.1101868,448.24651355575133
2065-12-31,ssp245,CESM2-WACCM,ssp245 (CMIP6) - CESM2-WACCM,345.60587,510051523.1101868,444.16255071211486
2066-12-31,ssp245,CESM2-WACCM,ssp245 (CMIP6) - CESM2-WACCM,363.87863,510051523.1101868,473.479967491074
2067-12-31,ssp245,CESM2-WACCM,ssp245 (CMIP6) - CESM2-WACCM,362.32776,510051523.1101868,468.9227509549488
2068-12-31,ssp245,CESM2-WACCM,ssp245 (CMIP6) - CESM2-WACCM,365.9689,510051523.1101868,472.25454532124013
2069-12-31,ssp245,CESM2-WACCM,ssp245 (CMIP6) - CESM2-WACCM,408.0783,510051523.1101868,535.0662406024851
2070-12-31,ssp245,CESM2-WACCM,ssp245 (CMIP6) - CESM2-WACCM,391.01022,510051523.1101868,499.5390699958846
2071-12-31,ssp245,CESM2-WACCM,ssp245 (CMIP6) - CESM2-WACCM,341.24225,510051523.1101868,442.7892150454432
2072-12-31,ssp245,CESM2-WACCM,ssp245 (CMIP6) - CESM2-WACCM,374.99994,510051523.1101868,491.22589138596834
2073-12-31,ssp245,CESM2-WACCM,ssp245 (CMIP6) - CESM2-WACCM,374.73282,510051523.1101868,494.1512376532941
2074-12-31,ssp245,CESM2-WACCM,ssp245 (CMIP6) - CESM2-WACCM,381.73865,510051523.1101868,493.7432855054497
2075-12-31,ssp245,CESM2-WACCM,ssp245 (CMIP6) - CESM2-WACCM,403.7883,510051523.1101868,529.2651291894083
2076-12-31,ssp245,CESM2-WACCM,ssp245 (CMIP6) - CESM2-WACCM,387.76276,510051523.1101868,495.8869689666511
2077-12-31,ssp245,CESM2-WACCM,ssp245 (CMIP6) - CESM2-WACCM,431.37726,510051523.1101868,557.7128998918013
2078-12-31,ssp245,CESM2-WACCM,ssp245 (CMIP6) - CESM2-WACCM,411.8891,510051523.1101868,532.5661533233857
2079-12-31,ssp245,CESM2-WACCM,ssp245 (CMIP6) - CESM2-WACCM,345.7501,510051523.1101868,453.29398133347956
2080-12-31,ssp245,CESM2-WACCM,ssp245 (CMIP6) - CESM2-WACCM,391.36658,510051523.1101868,511.81851858289406
2081-12-31,ssp245,CESM2-WACCM,ssp245 (CMIP6) - CESM2-WACCM,365.51767,510051523.1101868,470.76518679530017
2082-12-31,ssp245,CESM2-WACCM,ssp245 (CMIP6) - CESM2-WACCM,387.06064,510051523.1101868,498.680830362736
2083-12-31,ssp245,CESM2-WACCM,ssp245 (CMIP6) - CESM2-WACCM,386.6366,510051523.1101868,498.5715815867779
2084-12-31,ssp245,CESM2-WACCM,ssp245 (CMIP6) - CESM2-WACCM,422.39368,510051523.1101868,546.8869855717292
2085-12-31,ssp245,CESM2-WACCM,ssp245 (CMIP6) - CESM2-WACCM,378.8595,510051523.1101868,491.19621278340355
2086-12-31,ssp245,CESM2-WACCM,ssp245 (CMIP6) - CESM2-WACCM,347.41275,510051523.1101868,446.3396020945642
2087-12-31,ssp245,CESM2-WACCM,ssp245 (CMIP6) - CESM2-WACCM,406.5425,510051523.1101868,521.1874981424008
2088-12-31,ssp245,CESM2-WACCM,ssp245 (CMIP6) - CESM2-WACCM,391.4773,510051523.1101868,506.7361878082276
2089-12-31,ssp245,CESM2-WACCM,ssp245 (CMIP6) - CESM2-WACCM,429.54974,510051523.1101868,554.2536544734425
2090-12-31,ssp245,CESM2-WACCM,ssp245 (CMIP6) - CESM2-WACCM,379.79297,510051523.1101868,491.1112492190948
2091-12-31,ssp245,CESM2-WACCM,ssp245 (CMIP6) - CESM2-WACCM,383.2793,510051523.1101868,492.55144664659514
2092-12-31,ssp245,CESM2-WACCM,ssp245 (CMIP6) - CESM2-WACCM,391.50467,510051523.1101868,503.59485995340873
2093-12-31,ssp245,CESM2-WACCM,ssp245 (CMIP6) - CESM2-WACCM,402.94534,510051523.1101868,527.7783368053766
2094-12-31,ssp245,CESM2-WACCM,ssp245 (CMIP6) - CESM2-WACCM,379.32324,510051523.1101868,484.33619842508193
2095-12-31,ssp245,CESM2-WACCM,ssp245 (CMIP6) - CESM2-WACCM,349.87454,510051523.1101868,447.9052214076791
2096-12-31,ssp245,CESM2-WACCM,ssp245 (CMIP6) - CESM2-WACCM,393.39587,510051523.1101868,511.6144782903097
2097-12-31,ssp245,CESM2-WACCM,ssp245 (CMIP6) - CESM2-WACCM,392.78082,510051523.1101868,511.17796021677555
2098-12-31,ssp245,CESM2-WACCM,ssp245 (CMIP6) - CESM2-WACCM,409.4977,510051523.1101868,533.0805731085643
2099-12-31,ssp245,CESM2-WACCM,ssp245 (CMIP6) - CESM2-WACCM,389.377,510051523.1101868,500.42114165964693
2100-12-31,ssp245,CESM2-WACCM,ssp245 (CMIP6) - CESM2-WACCM,432.54523,510051523.1101868,562.4796743791218
2015-12-31,ssp245,CMCC-CM2-SR5,ssp245 (CMIP6) - CMCC-CM2-SR5,416.0595,510051523.1101868,527.4530325077199
2016-12-31,ssp245,CMCC-CM2-SR5,ssp245 (CMIP6) - CMCC-CM2-SR5,388.33322,510051523.1101868,519.668354110414
2017-12-31,ssp245,CMCC-CM2-SR5,ssp245 (CMIP6) - CMCC-CM2-SR5,374.71103,510051523.1101868,482.8742340049348
2018-12-31,ssp245,CMCC-CM2-SR5,ssp245 (CMIP6) - CMCC-CM2-SR5,382.3601,510051523.1101868,476.99770830962996
2019-12-31,ssp245,CMCC-CM2-SR5,ssp245 (CMIP6) - CMCC-CM2-SR5,420.77036,510051523.1101868,505.2886165255215
2020-12-31,ssp245,CMCC-CM2-SR5,ssp245 (CMIP6) - CMCC-CM2-SR5,400.17654,510051523.1101868,471.739063123888
2021-12-31,ssp245,CMCC-CM2-SR5,ssp245 (CMIP6) - CMCC-CM2-SR5,435.8726,510051523.1101868,525.6913790457486
2022-12-31,ssp245,CMCC-CM2-SR5,ssp245 (CMIP6) - CMCC-CM2-SR5,415.9528,510051523.1101868,529.642171640681
2023-12-31,ssp245,CMCC-CM2-SR5,ssp245 (CMIP6) - CMCC-CM2-SR5,401.11548,510051523.1101868,500.99023203858496
2024-12-31,ssp245,CMCC-CM2-SR5,ssp245 (CMIP6) - CMCC-CM2-SR5,392.4565,510051523.1101868,489.67108031621683
2025-12-31,ssp245,CMCC-CM2-SR5,ssp245 (CMIP6) - CMCC-CM2-SR5,459.5344,510051523.1101868,552.7736768240734
2026-12-31,ssp245,CMCC-CM2-SR5,ssp245 (CMIP6) - CMCC-CM2-SR5,385.50836,510051523.1101868,487.69408735920416
2027-12-31,ssp245,CMCC-CM2-SR5,ssp245 (CMIP6) - CMCC-CM2-SR5,404.9773,510051523.1101868,518.5328823704664
2028-12-31,ssp245,CMCC-CM2-SR5,ssp245 (CMIP6) - CMCC-CM2-SR5,366.08804,510051523.1101868,465.8037345661518
2029-12-31,ssp245,CMCC-CM2-SR5,ssp245 (CMIP6) - CMCC-CM2-SR5,376.2972,510051523.1101868,474.5143724186963
2030-12-31,ssp245,CMCC-CM2-SR5,ssp245 (CMIP6) - CMCC-CM2-SR5,361.64285,510051523.1101868,473.86702007457103
2031-12-31,ssp245,CMCC-CM2-SR5,ssp245 (CMIP6) - CMCC-CM2-SR5,474.0371,510051523.1101868,552.8056131569401
2032-12-31,ssp245,CMCC-CM2-SR5,ssp245 (CMIP6) - CMCC-CM2-SR5,434.76767,510051523.1101868,542.4501657788741
2033-12-31,ssp245,CMCC-CM2-SR5,ssp245 (CMIP6) - CMCC-CM2-SR5,374.22278,510051523.1101868,455.9698520701457
2034-12-31,ssp245,CMCC-CM2-SR5,ssp245 (CMIP6) - CMCC-CM2-SR5,489.62888,510051523.1101868,592.526174315883
2035-12-31,ssp245,CMCC-CM2-SR5,ssp245 (CMIP6) - CMCC-CM2-SR5,475.13068,510051523.1101868,559.5681478845129
2036-12-31,ssp245,CMCC-CM2-SR5,ssp245 (CMIP6) - CMCC-CM2-SR5,403.2662,510051523.1101868,503.80731129591567
2037-12-31,ssp245,CMCC-CM2-SR5,ssp245 (CMIP6) - CMCC-CM2-SR5,393.1425,510051523.1101868,494.1914511579701
2038-12-31,ssp245,CMCC-CM2-SR5,ssp245 (CMIP6) - CMCC-CM2-SR5,417.60974,510051523.1101868,513.0621894858623
2039-12-31,ssp245,CMCC-CM2-SR5,ssp245 (CMIP6) - CMCC-CM2-SR5,403.93265,510051523.1101868,497.593274074043
2040-12-31,ssp245,CMCC-CM2-SR5,ssp245 (CMIP6) - CMCC-CM2-SR5,385.115,510051523.1101868,468.22028948791007
2041-12-31,ssp245,CMCC-CM2-SR5,ssp245 (CMIP6) - CMCC-CM2-SR5,389.20343,510051523.1101868,480.6999643147917
2042-12-31,ssp245,CMCC-CM2-SR5,ssp245 (CMIP6) - CMCC-CM2-SR5,379.13046,510051523.1101868,464.6696168828435
2043-12-31,ssp245,CMCC-CM2-SR5,ssp245 (CMIP6) - CMCC-CM2-SR5,378.60345,510051523.1101868,484.0915187282004
2044-12-31,ssp245,CMCC-CM2-SR5,ssp245 (CMIP6) - CMCC-CM2-SR5,409.5436,510051523.1101868,507.8682741554459
2045-12-31,ssp245,CMCC-CM2-SR5,ssp245 (CMIP6) - CMCC-CM2-SR5,436.1589,510051523.1101868,526.5120213141546
2046-12-31,ssp245,CMCC-CM2-SR5,ssp245 (CMIP6) - CMCC-CM2-SR5,445.6432,510051523.1101868,530.6170076975623
2047-12-31,ssp245,CMCC-CM2-SR5,ssp245 (CMIP6) - CMCC-CM2-SR5,530.24286,510051523.1101868,613.5702660444616
2048-12-31,ssp245,CMCC-CM2-SR5,ssp245 (CMIP6) - CMCC-CM2-SR5,514.7561,510051523.1101868,612.766015990534
2049-12-31,ssp245,CMCC-CM2-SR5,ssp245 (CMIP6) - CMCC-CM2-SR5,427.06552,510051523.1101868,534.8544135627153
2050-12-31,ssp245,CMCC-CM2-SR5,ssp245 (CMIP6) - CMCC-CM2-SR5,418.2183,510051523.1101868,517.1523722169594
2051-12-31,ssp245,CMCC-CM2-SR5,ssp245 (CMIP6) - CMCC-CM2-SR5,520.1082,510051523.1101868,609.9132945758197
2052-12-31,ssp245,CMCC-CM2-SR5,ssp245 (CMIP6) - CMCC-CM2-SR5,486.66132,510051523.1101868,593.5395504406929
2053-12-31,ssp245,CMCC-CM2-SR5,ssp245 (CMIP6) - CMCC-CM2-SR5,435.76773,510051523.1101868,524.1114475447123
2054-12-31,ssp245,CMCC-CM2-SR5,ssp245 (CMIP6) - CMCC-CM2-SR5,401.7658,510051523.1101868,503.82657680077216
2055-12-31,ssp245,CMCC-CM2-SR5,ssp245 (CMIP6) - CMCC-CM2-SR5,415.28784,510051523.1101868,519.8344451208518
2056-12-31,ssp245,CMCC-CM2-SR5,ssp245 (CMIP6) - CMCC-CM2-SR5,445.87537,510051523.1101868,540.9852871605252
2057-12-31,ssp245,CMCC-CM2-SR5,ssp245 (CMIP6) - CMCC-CM2-SR5,467.9864,510051523.1101868,596.3114645909985
2058-12-31,ssp245,CMCC-CM2-SR5,ssp245 (CMIP6) - CMCC-CM2-SR5,408.37778,510051523.1101868,508.179291824099
2059-12-31,ssp245,CMCC-CM2-SR5,ssp245 (CMIP6) - CMCC-CM2-SR5,519.8773,510051523.1101868,582.3287262890642
2060-12-31,ssp245,CMCC-CM2-SR5,ssp245 (CMIP6) - CMCC-CM2-SR5,473.71817,510051523.1101868,554.9342295847072
2061-12-31,ssp245,CMCC-CM2-SR5,ssp245 (CMIP6) - CMCC-CM2-SR5,464.42572,510051523.1101868,551.709901782506
2062-12-31,ssp245,CMCC-CM2-SR5,ssp245 (CMIP6) - CMCC-CM2-SR5,434.887,510051523.1101868,512.9594736247082
2063-12-31,ssp245,CMCC-CM2-SR5,ssp245 (CMIP6) - CMCC-CM2-SR5,520.50775,510051523.1101868,621.8405483500732
2064-12-31,ssp245,CMCC-CM2-SR5,ssp245 (CMIP6) - CMCC-CM2-SR5,536.53253,510051523.1101868,638.4328863428128
2065-12-31,ssp245,CMCC-CM2-SR5,ssp245 (CMIP6) - CMCC-CM2-SR5,498.53143,510051523.1101868,588.6736187291164
2066-12-31,ssp245,CMCC-CM2-SR5,ssp245 (CMIP6) - CMCC-CM2-SR5,481.52875,510051523.1101868,586.0981220737419
2067-12-31,ssp245,CMCC-CM2-SR5,ssp245 (CMIP6) - CMCC-CM2-SR5,454.8837,510051523.1101868,549.8927066721428
2068-12-31,ssp245,CMCC-CM2-SR5,ssp245 (CMIP6) - CMCC-CM2-SR5,397.0087,510051523.1101868,499.9539021028434
2069-12-31,ssp245,CMCC-CM2-SR5,ssp245 (CMIP6) - CMCC-CM2-SR5,438.52133,510051523.1101868,563.8654087089686
2070-12-31,ssp245,CMCC-CM2-SR5,ssp245 (CMIP6) - CMCC-CM2-SR5,413.86987,510051523.1101868,525.7009833828947
2071-12-31,ssp245,CMCC-CM2-SR5,ssp245 (CMIP6) - CMCC-CM2-SR5,510.90298,510051523.1101868,586.0441614865175
2072-12-31,ssp245,CMCC-CM2-SR5,ssp245 (CMIP6) - CMCC-CM2-SR5,483.60297,510051523.1101868,554.9798684735626
2073-12-31,ssp245,CMCC-CM2-SR5,ssp245 (CMIP6) - CMCC-CM2-SR5,477.01324,510051523.1101868,559.8721055705049
2074-12-31,ssp245,CMCC-CM2-SR5,ssp245 (CMIP6) - CMCC-CM2-SR5,535.61743,510051523.1101868,632.5075323531971
2075-12-31,ssp245,CMCC-CM2-SR5,ssp245 (CMIP6) - CMCC-CM2-SR5,506.47516,510051523.1101868,604.8994737521768
2076-12-31,ssp245,CMCC-CM2-SR5,ssp245 (CMIP6) - CMCC-CM2-SR5,507.45312,510051523.1101868,590.2991986031875
2077-12-31,ssp245,CMCC-CM2-SR5,ssp245 (CMIP6) - CMCC-CM2-SR5,507.2576,510051523.1101868,612.0921409060653
2078-12-31,ssp245,CMCC-CM2-SR5,ssp245 (CMIP6) - CMCC-CM2-SR5,454.23547,510051523.1101868,547.4657136192042
2079-12-31,ssp245,CMCC-CM2-SR5,ssp245 (CMIP6) - CMCC-CM2-SR5,599.381,510051523.1101868,694.9130505587301
2080-12-31,ssp245,CMCC-CM2-SR5,ssp245 (CMIP6) - CMCC-CM2-SR5,549.5032,510051523.1101868,654.3217142968549
2081-12-31,ssp245,CMCC-CM2-SR5,ssp245 (CMIP6) - CMCC-CM2-SR5,523.12006,510051523.1101868,637.9706706858265
2082-12-31,ssp245,CMCC-CM2-SR5,ssp245 (CMIP6) - CMCC-CM2-SR5,541.18506,510051523.1101868,638.657803047398
2083-12-31,ssp245,CMCC-CM2-SR5,ssp245 (CMIP6) - CMCC-CM2-SR5,492.42792,510051523.1101868,602.0831624025872
2084-12-31,ssp245,CMCC-CM2-SR5,ssp245 (CMIP6) - CMCC-CM2-SR5,564.8579,510051523.1101868,633.4153326329481
2085-12-31,ssp245,CMCC-CM2-SR5,ssp245 (CMIP6) - CMCC-CM2-SR5,696.857,510051523.1101868,750.1960414850352
2086-12-31,ssp245,CMCC-CM2-SR5,ssp245 (CMIP6) - CMCC-CM2-SR5,474.98502,510051523.1101868,565.2048393933153
2087-12-31,ssp245,CMCC-CM2-SR5,ssp245 (CMIP6) - CMCC-CM2-SR5,579.8128,510051523.1101868,648.2302736803954
2088-12-31,ssp245,CMCC-CM2-SR5,ssp245 (CMIP6) - CMCC-CM2-SR5,473.41696,510051523.1101868,577.061743040685
2089-12-31,ssp245,CMCC-CM2-SR5,ssp245 (CMIP6) - CMCC-CM2-SR5,499.9789,510051523.1101868,610.5538094722206
2090-12-31,ssp245,CMCC-CM2-SR5,ssp245 (CMIP6) - CMCC-CM2-SR5,663.44965,510051523.1101868,757.1155391516003
2091-12-31,ssp245,CMCC-CM2-SR5,ssp245 (CMIP6) - CMCC-CM2-SR5,579.8289,510051523.1101868,660.4456200142031
2092-12-31,ssp245,CMCC-CM2-SR5,ssp245 (CMIP6) - CMCC-CM2-SR5,457.91895,510051523.1101868,570.5683871689872
2093-12-31,ssp245,CMCC-CM2-SR5,ssp245 (CMIP6) - CMCC-CM2-SR5,506.807,510051523.1101868,612.6509686460971
2094-12-31,ssp245,CMCC-CM2-SR5,ssp245 (CMIP6) - CMCC-CM2-SR5,456.4715,510051523.1101868,561.283122832106
2095-12-31,ssp245,CMCC-CM2-SR5,ssp245 (CMIP6) - CMCC-CM2-SR5,418.749,510051523.1101868,529.4128411280683
2096-12-31,ssp245,CMCC-CM2-SR5,ssp245 (CMIP6) - CMCC-CM2-SR5,630.0761,510051523.1101868,733.0061620430686
2097-12-31,ssp245,CMCC-CM2-SR5,ssp245 (CMIP6) - CMCC-CM2-SR5,469.15128,510051523.1101868,572.3371025009252
2098-12-31,ssp245,CMCC-CM2-SR5,ssp245 (CMIP6) - CMCC-CM2-SR5,494.21188,510051523.1101868,589.6491351534559
2099-12-31,ssp245,CMCC-CM2-SR5,ssp245 (CMIP6) - CMCC-CM2-SR5,702.7191,510051523.1101868,794.1131089032336
2100-12-31,ssp245,CMCC-CM2-SR5,ssp245 (CMIP6) - CMCC-CM2-SR5,470.34143,510051523.1101868,559.3045004023908
2015-12-31,ssp245,EC-Earth3-CC,ssp245 (CMIP6) - EC-Earth3-CC,340.11804,505792698.2157188,187.0365683155949
2016-12-31,ssp245,EC-Earth3-CC,ssp245 (CMIP6) - EC-Earth3-CC,314.07428,505792698.2157188,175.65952198311777
2017-12-31,ssp245,EC-Earth3-CC,ssp245 (CMIP6) - EC-Earth3-CC,380.22916,505792698.2157188,209.1333090603796
2018-12-31,ssp245,EC-Earth3-CC,ssp245 (CMIP6) - EC-Earth3-CC,298.6433,505792698.2157188,162.92806565741273
2019-12-31,ssp245,EC-Earth3-CC,ssp245 (CMIP6) - EC-Earth3-CC,359.5262,505792698.2157188,198.0801321988754
2020-12-31,ssp245,EC-Earth3-CC,ssp245 (CMIP6) - EC-Earth3-CC,378.7701,505792698.2157188,210.56613926513063
2021-12-31,ssp245,EC-Earth3-CC,ssp245 (CMIP6) - EC-Earth3-CC,327.80447,505792698.2157188,182.89014970455094
2022-12-31,ssp245,EC-Earth3-CC,ssp245 (CMIP6) - EC-Earth3-CC,322.64905,505792698.2157188,176.94413386098014
2023-12-31,ssp245,EC-Earth3-CC,ssp245 (CMIP6) - EC-Earth3-CC,398.1033,505792698.2157188,217.6064431906032
2024-12-31,ssp245,EC-Earth3-CC,ssp245 (CMIP6) - EC-Earth3-CC,213.23021,505792698.2157188,116.18670398161873
2025-12-31,ssp245,EC-Earth3-CC,ssp245 (CMIP6) - EC-Earth3-CC,303.60547,505792698.2157188,165.71685742585487
2026-12-31,ssp245,EC-Earth3-CC,ssp245 (CMIP6) - EC-Earth3-CC,314.1162,505792698.2157188,172.20708620397644
2027-12-31,ssp245,EC-Earth3-CC,ssp245 (CMIP6) - EC-Earth3-CC,482.3856,505792698.2157188,267.17648003744375
2028-12-31,ssp245,EC-Earth3-CC,ssp245 (CMIP6) - EC-Earth3-CC,246.37082,505792698.2157188,135.37135641485
2029-12-31,ssp245,EC-Earth3-CC,ssp245 (CMIP6) - EC-Earth3-CC,440.73257,505792698.2157188,239.3472530106321
2030-12-31,ssp245,EC-Earth3-CC,ssp245 (CMIP6) - EC-Earth3-CC,405.1409,505792698.2157188,218.178999896756
2031-12-31,ssp245,EC-Earth3-CC,ssp245 (CMIP6) - EC-Earth3-CC,291.91193,505792698.2157188,159.2199160192057
2032-12-31,ssp245,EC-Earth3-CC,ssp245 (CMIP6) - EC-Earth3-CC,407.0945,505792698.2157188,225.78308520578884
2033-12-31,ssp245,EC-Earth3-CC,ssp245 (CMIP6) - EC-Earth3-CC,386.78174,505792698.2157188,208.6348759404048
2034-12-31,ssp245,EC-Earth3-CC,ssp245 (CMIP6) - EC-Earth3-CC,351.06818,505792698.2157188,190.7134415381824
2035-12-31,ssp245,EC-Earth3-CC,ssp245 (CMIP6) - EC-Earth3-CC,374.32678,505792698.2157188,206.03460608203082
2036-12-31,ssp245,EC-Earth3-CC,ssp245 (CMIP6) - EC-Earth3-CC,300.34055,505792698.2157188,163.87214568107044
2037-12-31,ssp245,EC-Earth3-CC,ssp245 (CMIP6) - EC-Earth3-CC,311.7978,505792698.2157188,171.42984891877114
2038-12-31,ssp245,EC-Earth3-CC,ssp245 (CMIP6) - EC-Earth3-CC,278.9381,505792698.2157188,150.8729060304939
2039-12-31,ssp245,EC-Earth3-CC,ssp245 (CMIP6) - EC-Earth3-CC,268.3075,505792698.2157188,145.5895263757
2040-12-31,ssp245,EC-Earth3-CC,ssp245 (CMIP6) - EC-Earth3-CC,303.61877,505792698.2157188,166.4848648973175
2041-12-31,ssp245,EC-Earth3-CC,ssp245 (CMIP6) - EC-Earth3-CC,415.26743,505792698.2157188,227.661132571647
2042-12-31,ssp245,EC-Earth3-CC,ssp245 (CMIP6) - EC-Earth3-CC,362.3765,505792698.2157188,199.57762535839095
2043-12-31,ssp245,EC-Earth3-CC,ssp245 (CMIP6) - EC-Earth3-CC,313.2626,505792698.2157188,171.59171338093677
2044-12-31,ssp245,EC-Earth3-CC,ssp245 (CMIP6) - EC-Earth3-CC,311.19138,505792698.2157188,167.1827090204844
2045-12-31,ssp245,EC-Earth3-CC,ssp245 (CMIP6) - EC-Earth3-CC,375.08508,505792698.2157188,206.4505293195635
2046-12-31,ssp245,EC-Earth3-CC,ssp245 (CMIP6) - EC-Earth3-CC,285.22018,505792698.2157188,156.09910134339012
2047-12-31,ssp245,EC-Earth3-CC,ssp245 (CMIP6) - EC-Earth3-CC,290.56,505792698.2157188,157.06993381326416
2048-12-31,ssp245,EC-Earth3-CC,ssp245 (CMIP6) - EC-Earth3-CC,372.9051,505792698.2157188,203.79833299944895
2049-12-31,ssp245,EC-Earth3-CC,ssp245 (CMIP6) - EC-Earth3-CC,305.79932,505792698.2157188,167.25181800157324
2050-12-31,ssp245,EC-Earth3-CC,ssp245 (CMIP6) - EC-Earth3-CC,326.90488,505792698.2157188,176.9575454439729
2051-12-31,ssp245,EC-Earth3-CC,ssp245 (CMIP6) - EC-Earth3-CC,330.57043,505792698.2157188,182.50499210759787
2052-12-31,ssp245,EC-Earth3-CC,ssp245 (CMIP6) - EC-Earth3-CC,398.5627,505792698.2157188,218.31467977983755
2053-12-31,ssp245,EC-Earth3-CC,ssp245 (CMIP6) - EC-Earth3-CC,354.6985,505792698.2157188,192.66665102191422
2054-12-31,ssp245,EC-Earth3-CC,ssp245 (CMIP6) - EC-Earth3-CC,274.19827,505792698.2157188,147.5108286354552
2055-12-31,ssp245,EC-Earth3-CC,ssp245 (CMIP6) - EC-Earth3-CC,285.6164,505792698.2157188,157.6773527409281
2056-12-31,ssp245,EC-Earth3-CC,ssp245 (CMIP6) - EC-Earth3-CC,308.22366,505792698.2157188,168.63383407187047
2057-12-31,ssp245,EC-Earth3-CC,ssp245 (CMIP6) - EC-Earth3-CC,432.62006,505792698.2157188,238.9998145540181
2058-12-31,ssp245,EC-Earth3-CC,ssp245 (CMIP6) - EC-Earth3-CC,229.53204,505792698.2157188,122.96481382558706
2059-12-31,ssp245,EC-Earth3-CC,ssp245 (CMIP6) - EC-Earth3-CC,353.2433,505792698.2157188,188.92430320142623
2060-12-31,ssp245,EC-Earth3-CC,ssp245 (CMIP6) - EC-Earth3-CC,374.43942,505792698.2157188,202.30222916375422
2061-12-31,ssp245,EC-Earth3-CC,ssp245 (CMIP6) - EC-Earth3-CC,253.45406,505792698.2157188,137.90137966507962
2062-12-31,ssp245,EC-Earth3-CC,ssp245 (CMIP6) - EC-Earth3-CC,446.02252,505792698.2157188,243.29093414720958
2063-12-31,ssp245,EC-Earth3-CC,ssp245 (CMIP6) - EC-Earth3-CC,283.9979,505792698.2157188,154.93448952704082
2064-12-31,ssp245,EC-Earth3-CC,ssp245 (CMIP6) - EC-Earth3-CC,304.33215,505792698.2157188,166.61352657268523
2065-12-31,ssp245,EC-Earth3-CC,ssp245 (CMIP6) - EC-Earth3-CC,309.63147,505792698.2157188,168.7477315586388
2066-12-31,ssp245,EC-Earth3-CC,ssp245 (CMIP6) - EC-Earth3-CC,534.7949,505792698.2157188,293.56470064096413
2067-12-31,ssp245,EC-Earth3-CC,ssp245 (CMIP6) - EC-Earth3-CC,374.9499,505792698.2157188,204.58807661824815
2068-12-31,ssp245,EC-Earth3-CC,ssp245 (CMIP6) - EC-Earth3-CC,250.5066,505792698.2157188,136.23754531849812
2069-12-31,ssp245,EC-Earth3-CC,ssp245 (CMIP6) - EC-Earth3-CC,326.9478,505792698.2157188,176.2533798976279
2070-12-31,ssp245,EC-Earth3-CC,ssp245 (CMIP6) - EC-Earth3-CC,424.22528,505792698.2157188,231.67300399203322
2071-12-31,ssp245,EC-Earth3-CC,ssp245 (CMIP6) - EC-Earth3-CC,243.00421,505792698.2157188,130.8489451009511
2072-12-31,ssp245,EC-Earth3-CC,ssp245 (CMIP6) - EC-Earth3-CC,373.38797,505792698.2157188,200.05427719385307
2073-12-31,ssp245,EC-Earth3-CC,ssp245 (CMIP6) - EC-Earth3-CC,512.73486,505792698.2157188,281.76004899082284
2074-12-31,ssp245,EC-Earth3-CC,ssp245 (CMIP6) - EC-Earth3-CC,256.03674,505792698.2157188,139.79338699376788
2075-12-31,ssp245,EC-Earth3-CC,ssp245 (CMIP6) - EC-Earth3-CC,302.53085,505792698.2157188,163.64980939700573
2076-12-31,ssp245,EC-Earth3-CC,ssp245 (CMIP6) - EC-Earth3-CC,322.73764,505792698.2157188,173.89031301546154
2077-12-31,ssp245,EC-Earth3-CC,ssp245 (CMIP6) - EC-Earth3-CC,362.45142,505792698.2157188,198.6247404459241
2078-12-31,ssp245,EC-Earth3-CC,ssp245 (CMIP6) - EC-Earth3-CC,273.19366,505792698.2157188,148.42672069451868
2079-12-31,ssp245,EC-Earth3-CC,ssp245 (CMIP6) - EC-Earth3-CC,532.5519,505792698.2157188,283.4923042548633
2080-12-31,ssp245,EC-Earth3-CC,ssp245 (CMIP6) - EC-Earth3-CC,440.5639,505792698.2157188,241.52018036963136
2081-12-31,ssp245,EC-Earth3-CC,ssp245 (CMIP6) - EC-Earth3-CC,296.23993,505792698.2157188,162.08208970122067
2082-12-31,ssp245,EC-Earth3-CC,ssp245 (CMIP6) - EC-Earth3-CC,261.21942,505792698.2157188,139.5537377879407
2083-12-31,ssp245,EC-Earth3-CC,ssp245 (CMIP6) - EC-Earth3-CC,556.48553,505792698.2157188,302.8901948544937
2084-12-31,ssp245,EC-Earth3-CC,ssp245 (CMIP6) - EC-Earth3-CC,349.4139,505792698.2157188,190.1077853070206
2085-12-31,ssp245,EC-Earth3-CC,ssp245 (CMIP6) - EC-Earth3-CC,303.53604,505792698.2157188,165.03160733759478
2086-12-31,ssp245,EC-Earth3-CC,ssp245 (CMIP6) - EC-Earth3-CC,246.50917,505792698.2157188,133.89376770995403
2087-12-31,ssp245,EC-Earth3-CC,ssp245 (CMIP6) - EC-Earth3-CC,396.65466,505792698.2157188,215.49913425267957
2088-12-31,ssp245,EC-Earth3-CC,ssp245 (CMIP6) - EC-Earth3-CC,303.39288,505792698.2157188,164.65008797814124
2089-12-31,ssp245,EC-Earth3-CC,ssp245 (CMIP6) - EC-Earth3-CC,258.3582,505792698.2157188,140.2075899782391
2090-12-31,ssp245,EC-Earth3-CC,ssp245 (CMIP6) - EC-Earth3-CC,389.12494,505792698.2157188,211.48336640377303
2091-12-31,ssp245,EC-Earth3-CC,ssp245 (CMIP6) - EC-Earth3-CC,354.62372,505792698.2157188,195.02541663869047
2092-12-31,ssp245,EC-Earth3-CC,ssp245 (CMIP6) - EC-Earth3-CC,370.24966,505792698.2157188,202.76021835465454
2093-12-31,ssp245,EC-Earth3-CC,ssp245 (CMIP6) - EC-Earth3-CC,333.4913,505792698.2157188,180.77465050507854
2094-12-31,ssp245,EC-Earth3-CC,ssp245 (CMIP6) - EC-Earth3-CC,414.17365,505792698.2157188,223.77032970762042
2095-12-31,ssp245,EC-Earth3-CC,ssp245 (CMIP6) - EC-Earth3-CC,341.12216,505792698.2157188,185.3540819580157
2096-12-31,ssp245,EC-Earth3-CC,ssp245 (CMIP6) - EC-Earth3-CC,330.05563,505792698.2157188,180.35567456858433
2097-12-31,ssp245,EC-Earth3-CC,ssp245 (CMIP6) - EC-Earth3-CC,464.48712,505792698.2157188,253.16913163897217
2098-12-31,ssp245,EC-Earth3-CC,ssp245 (CMIP6) - EC-Earth3-CC,317.40787,505792698.2157188,170.88992357642678
2099-12-31,ssp245,EC-Earth3-CC,ssp245 (CMIP6) - EC-Earth3-CC,346.82083,505792698.2157188,192.38730522950078
2100-12-31,ssp245,EC-Earth3-CC,ssp245 (CMIP6) - EC-Earth3-CC,488.164,505792698.2157188,266.46238499766133
2015-12-31,ssp245,NorESM2-LM,ssp245 (CMIP6) - NorESM2-LM,71.48863,510017987.8256495,378.55420956770746
2016-12-31,ssp245,NorESM2-LM,ssp245 (CMIP6) - NorESM2-LM,97.11726,510017987.8256495,519.6930311525621
2017-12-31,ssp245,NorESM2-LM,ssp245 (CMIP6) - NorESM2-LM,83.09142,510017987.8256495,438.13914948269564
2018-12-31,ssp245,NorESM2-LM,ssp245 (CMIP6) - NorESM2-LM,75.98252,510017987.8256495,404.8223805592924
2019-12-31,ssp245,NorESM2-LM,ssp245 (CMIP6) - NorESM2-LM,82.295425,510017987.8256495,442.80772993686566
2020-12-31,ssp245,NorESM2-LM,ssp245 (CMIP6) - NorESM2-LM,83.5928,510017987.8256495,445.5357977555234
2021-12-31,ssp245,NorESM2-LM,ssp245 (CMIP6) - NorESM2-LM,89.67324,510017987.8256495,478.8957872155878
2022-12-31,ssp245,NorESM2-LM,ssp245 (CMIP6) - NorESM2-LM,80.09582,510017987.8256495,428.50805619094314
2023-12-31,ssp245,NorESM2-LM,ssp245 (CMIP6) - NorESM2-LM,75.706116,510017987.8256495,397.10852299884755
2024-12-31,ssp245,NorESM2-LM,ssp245 (CMIP6) - NorESM2-LM,85.64496,510017987.8256495,456.6798030435768
2025-12-31,ssp245,NorESM2-LM,ssp245 (CMIP6) - NorESM2-LM,70.141815,510017987.8256495,371.75502175855075
2026-12-31,ssp245,NorESM2-LM,ssp245 (CMIP6) - NorESM2-LM,90.61682,510017987.8256495,476.42834511018333
2027-12-31,ssp245,NorESM2-LM,ssp245 (CMIP6) - NorESM2-LM,88.86669,510017987.8256495,470.49812704868276
2028-12-31,ssp245,NorESM2-LM,ssp245 (CMIP6) - NorESM2-LM,86.25999,510017987.8256495,457.8330894038574
2029-12-31,ssp245,NorESM2-LM,ssp245 (CMIP6) - NorESM2-LM,83.45415,510017987.8256495,441.71743204049517
2030-12-31,ssp245,NorESM2-LM,ssp245 (CMIP6) - NorESM2-LM,80.75865,510017987.8256495,423.0006997760108
2031-12-31,ssp245,NorESM2-LM,ssp245 (CMIP6) - NorESM2-LM,69.62887,510017987.8256495,368.5399553268546
2032-12-31,ssp245,NorESM2-LM,ssp245 (CMIP6) - NorESM2-LM,82.992004,510017987.8256495,444.3371503918142
2033-12-31,ssp245,NorESM2-LM,ssp245 (CMIP6) - NorESM2-LM,69.71572,510017987.8256495,364.48461953080255
2034-12-31,ssp245,NorESM2-LM,ssp245 (CMIP6) - NorESM2-LM,82.08425,510017987.8256495,430.8622501283634
2035-12-31,ssp245,NorESM2-LM,ssp245 (CMIP6) - NorESM2-LM,77.15098,510017987.8256495,407.3062294048751
2036-12-31,ssp245,NorESM2-LM,ssp245 (CMIP6) - NorESM2-LM,87.36699,510017987.8256495,460.29963719121355
2037-12-31,ssp245,NorESM2-LM,ssp245 (CMIP6) - NorESM2-LM,86.1204,510017987.8256495,448.98864058062907
2038-12-31,ssp245,NorESM2-LM,ssp245 (CMIP6) - NorESM2-LM,82.94954,510017987.8256495,432.42790717887823
2039-12-31,ssp245,NorESM2-LM,ssp245 (CMIP6) - NorESM2-LM,78.70133,510017987.8256495,413.1230349494943
2040-12-31,ssp245,NorESM2-LM,ssp245 (CMIP6) - NorESM2-LM,84.341446,510017987.8256495,436.66668726260156
2041-12-31,ssp245,NorESM2-LM,ssp245 (CMIP6) - NorESM2-LM,80.40646,510017987.8256495,418.04711304083435
2042-12-31,ssp245,NorESM2-LM,ssp245 (CMIP6) - NorESM2-LM,74.28015,510017987.8256495,389.72595712704583
2043-12-31,ssp245,NorESM2-LM,ssp245 (CMIP6) - NorESM2-LM,82.58197,510017987.8256495,428.0594359921379
2044-12-31,ssp245,NorESM2-LM,ssp245 (CMIP6) - NorESM2-LM,79.21151,510017987.8256495,424.48150807878017
2045-12-31,ssp245,NorESM2-LM,ssp245 (CMIP6) - NorESM2-LM,73.62974,510017987.8256495,384.11941180947196
2046-12-31,ssp245,NorESM2-LM,ssp245 (CMIP6) - NorESM2-LM,78.150314,510017987.8256495,405.01978703779645
2047-12-31,ssp245,NorESM2-LM,ssp245 (CMIP6) - NorESM2-LM,68.74668,510017987.8256495,357.39331041884424
2048-12-31,ssp245,NorESM2-LM,ssp245 (CMIP6) - NorESM2-LM,77.33039,510017987.8256495,402.4328531839289
2049-12-31,ssp245,NorESM2-LM,ssp245 (CMIP6) - NorESM2-LM,84.90122,510017987.8256495,448.1286017249083
2050-12-31,ssp245,NorESM2-LM,ssp245 (CMIP6) - NorESM2-LM,69.42861,510017987.8256495,361.95925826936957
2051-12-31,ssp245,NorESM2-LM,ssp245 (CMIP6) - NorESM2-LM,73.9729,510017987.8256495,382.4096527650564
2052-12-31,ssp245,NorESM2-LM,ssp245 (CMIP6) - NorESM2-LM,68.46979,510017987.8256495,356.3296211293354
2053-12-31,ssp245,NorESM2-LM,ssp245 (CMIP6) - NorESM2-LM,73.46951,510017987.8256495,381.71377003648445
2054-12-31,ssp245,NorESM2-LM,ssp245 (CMIP6) - NorESM2-LM,69.61703,510017987.8256495,361.4341340107786
2055-12-31,ssp245,NorESM2-LM,ssp245 (CMIP6) - NorESM2-LM,69.23482,510017987.8256495,357.353281632988
2056-12-31,ssp245,NorESM2-LM,ssp245 (CMIP6) - NorESM2-LM,70.17275,510017987.8256495,368.63068206733936
2057-12-31,ssp245,NorESM2-LM,ssp245 (CMIP6) - NorESM2-LM,85.67668,510017987.8256495,452.79194554669596
2058-12-31,ssp245,NorESM2-LM,ssp245 (CMIP6) - NorESM2-LM,74.34106,510017987.8256495,387.73206819306165
2059-12-31,ssp245,NorESM2-LM,ssp245 (CMIP6) - NorESM2-LM,73.855545,510017987.8256495,383.5457208758399
2060-12-31,ssp245,NorESM2-LM,ssp245 (CMIP6) - NorESM2-LM,68.376175,510017987.8256495,353.0034114196557
2061-12-31,ssp245,NorESM2-LM,ssp245 (CMIP6) - NorESM2-LM,72.360725,510017987.8256495,375.28051313810465
2062-12-31,ssp245,NorESM2-LM,ssp245 (CMIP6) - NorESM2-LM,76.08723,510017987.8256495,387.2296204939115
2063-12-31,ssp245,NorESM2-LM,ssp245 (CMIP6) - NorESM2-LM,80.072685,510017987.8256495,412.9105277737708
2064-12-31,ssp245,NorESM2-LM,ssp245 (CMIP6) - NorESM2-LM,76.72626,510017987.8256495,396.7700905490302
2065-12-31,ssp245,NorESM2-LM,ssp245 (CMIP6) - NorESM2-LM,73.27107,510017987.8256495,379.05100447764045
2066-12-31,ssp245,NorESM2-LM,ssp245 (CMIP6) - NorESM2-LM,76.80951,510017987.8256495,398.29017687472566
2067-12-31,ssp245,NorESM2-LM,ssp245 (CMIP6) - NorESM2-LM,87.29713,510017987.8256495,454.63148784526936
2068-12-31,ssp245,NorESM2-LM,ssp245 (CMIP6) - NorESM2-LM,79.6752,510017987.8256495,411.6732083344906
2069-12-31,ssp245,NorESM2-LM,ssp245 (CMIP6) - NorESM2-LM,85.31622,510017987.8256495,435.7186350612296
2070-12-31,ssp245,NorESM2-LM,ssp245 (CMIP6) - NorESM2-LM,77.066345,510017987.8256495,396.33645959497215
2071-12-31,ssp245,NorESM2-LM,ssp245 (CMIP6) - NorESM2-LM,74.83508,510017987.8256495,384.2714385750793
2072-12-31,ssp245,NorESM2-LM,ssp245 (CMIP6) - NorESM2-LM,70.74186,510017987.8256495,366.9405612708203
2073-12-31,ssp245,NorESM2-LM,ssp245 (CMIP6) - NorESM2-LM,79.06564,510017987.8256495,403.62442524209285
2074-12-31,ssp245,NorESM2-LM,ssp245 (CMIP6) - NorESM2-LM,79.53835,510017987.8256495,406.9570460861826
2075-12-31,ssp245,NorESM2-LM,ssp245 (CMIP6) - NorESM2-LM,77.79018,510017987.8256495,400.9264684260456
2076-12-31,ssp245,NorESM2-LM,ssp245 (CMIP6) - NorESM2-LM,74.40539,510017987.8256495,382.6631471490297
2077-12-31,ssp245,NorESM2-LM,ssp245 (CMIP6) - NorESM2-LM,77.6782,510017987.8256495,395.44901538236996
2078-12-31,ssp245,NorESM2-LM,ssp245 (CMIP6) - NorESM2-LM,73.19534,510017987.8256495,377.9809288292741
2079-12-31,ssp245,NorESM2-LM,ssp245 (CMIP6) - NorESM2-LM,80.82523,510017987.8256495,416.6510082079304
2080-12-31,ssp245,NorESM2-LM,ssp245 (CMIP6) - NorESM2-LM,71.53758,510017987.8256495,362.4595364307625
2081-12-31,ssp245,NorESM2-LM,ssp245 (CMIP6) - NorESM2-LM,73.81024,510017987.8256495,382.78592609235545
2082-12-31,ssp245,NorESM2-LM,ssp245 (CMIP6) - NorESM2-LM,74.629234,510017987.8256495,385.46186085443264
2083-12-31,ssp245,NorESM2-LM,ssp245 (CMIP6) - NorESM2-LM,84.29897,510017987.8256495,430.11899230359836
2084-12-31,ssp245,NorESM2-LM,ssp245 (CMIP6) - NorESM2-LM,78.530495,510017987.8256495,399.40342037578887
2085-12-31,ssp245,NorESM2-LM,ssp245 (CMIP6) - NorESM2-LM,85.185356,510017987.8256495,440.1076654696639
2086-12-31,ssp245,NorESM2-LM,ssp245 (CMIP6) - NorESM2-LM,75.02576,510017987.8256495,388.7385501212694
2087-12-31,ssp245,NorESM2-LM,ssp245 (CMIP6) - NorESM2-LM,83.15615,510017987.8256495,426.6842228274815
2088-12-31,ssp245,NorESM2-LM,ssp245 (CMIP6) - NorESM2-LM,79.707695,510017987.8256495,410.3276952805732
2089-12-31,ssp245,NorESM2-LM,ssp245 (CMIP6) - NorESM2-LM,88.96915,510017987.8256495,447.57037794541424
2090-12-31,ssp245,NorESM2-LM,ssp245 (CMIP6) - NorESM2-LM,91.44528,510017987.8256495,462.78374090344323
2091-12-31,ssp245,NorESM2-LM,ssp245 (CMIP6) - NorESM2-LM,81.40217,510017987.8256495,420.8267319682304
2092-12-31,ssp245,NorESM2-LM,ssp245 (CMIP6) - NorESM2-LM,93.99619,510017987.8256495,485.8886829875109
2093-12-31,ssp245,NorESM2-LM,ssp245 (CMIP6) - NorESM2-LM,80.829185,510017987.8256495,414.6004254165869
2094-12-31,ssp245,NorESM2-LM,ssp245 (CMIP6) - NorESM2-LM,83.97937,510017987.8256495,431.92360917313493
2095-12-31,ssp245,NorESM2-LM,ssp245 (CMIP6) - NorESM2-LM,79.94647,510017987.8256495,408.01323031201406
2096-12-31,ssp245,NorESM2-LM,ssp245 (CMIP6) - NorESM2-LM,82.80552,510017987.8256495,427.15626597830646
2097-12-31,ssp245,NorESM2-LM,ssp245 (CMIP6) - NorESM2-LM,81.216965,510017987.8256495,415.24000090259375
2098-12-31,ssp245,NorESM2-LM,ssp245 (CMIP6) - NorESM2-LM,90.58682,510017987.8256495,468.0383496710963
2099-12-31,ssp245,NorESM2-LM,ssp245 (CMIP6) - NorESM2-LM,80.08701,510017987.8256495,417.0205756636195
2100-12-31,ssp245,NorESM2-LM,ssp245 (CMIP6) - NorESM2-LM,85.25334,510017987.8256495,438.79239993291515
2015-12-31,ssp370,CESM2,ssp370 (CMIP6) - CESM2,380.92654,510051523.1101868,505.98430871501876
2016-12-31,ssp370,CESM2,ssp370 (CMIP6) - CESM2,367.77106,510051523.1101868,492.1408217610955
2017-12-31,ssp370,CESM2,ssp370 (CMIP6) - CESM2,395.4363,510051523.1101868,527.3334536789332
2018-12-31,ssp370,CESM2,ssp370 (CMIP6) - CESM2,436.29596,510051523.1101868,586.3042129550652
2019-12-31,ssp370,CESM2,ssp370 (CMIP6) - CESM2,402.10416,510051523.1101868,532.9584075834707
2020-12-31,ssp370,CESM2,ssp370 (CMIP6) - CESM2,421.98846,510051523.1101868,560.6020359155949
2021-12-31,ssp370,CESM2,ssp370 (CMIP6) - CESM2,385.25833,510051523.1101868,516.2579696728418
2022-12-31,ssp370,CESM2,ssp370 (CMIP6) - CESM2,341.79065,510051523.1101868,453.5044864729054
2023-12-31,ssp370,CESM2,ssp370 (CMIP6) - CESM2,426.09122,510051523.1101868,566.4643466095554
2024-12-31,ssp370,CESM2,ssp370 (CMIP6) - CESM2,393.63025,510051523.1101868,518.7045747748421
2025-12-31,ssp370,CESM2,ssp370 (CMIP6) - CESM2,402.9776,510051523.1101868,535.7999676023269
2026-12-31,ssp370,CESM2,ssp370 (CMIP6) - CESM2,382.04068,510051523.1101868,502.85018357381784
2027-12-31,ssp370,CESM2,ssp370 (CMIP6) - CESM2,366.0307,510051523.1101868,478.433578183576
2028-12-31,ssp370,CESM2,ssp370 (CMIP6) - CESM2,337.81223,510051523.1101868,443.5078317525011
2029-12-31,ssp370,CESM2,ssp370 (CMIP6) - CESM2,399.16833,510051523.1101868,529.2637929220183
2030-12-31,ssp370,CESM2,ssp370 (CMIP6) - CESM2,363.3195,510051523.1101868,473.5954931816764
2031-12-31,ssp370,CESM2,ssp370 (CMIP6) - CESM2,399.96545,510051523.1101868,518.8938988880493
2032-12-31,ssp370,CESM2,ssp370 (CMIP6) - CESM2,336.4944,510051523.1101868,439.2050366988588
2033-12-31,ssp370,CESM2,ssp370 (CMIP6) - CESM2,389.7933,510051523.1101868,520.2631557044517
2034-12-31,ssp370,CESM2,ssp370 (CMIP6) - CESM2,351.09308,510051523.1101868,458.6536174756527
2035-12-31,ssp370,CESM2,ssp370 (CMIP6) - CESM2,361.62933,510051523.1101868,470.2643555601748
2036-12-31,ssp370,CESM2,ssp370 (CMIP6) - CESM2,339.3035,510051523.1101868,434.7221374367364
2037-12-31,ssp370,CESM2,ssp370 (CMIP6) - CESM2,345.93835,510051523.1101868,449.0058168587093
2038-12-31,ssp370,CESM2,ssp370 (CMIP6) - CESM2,329.93045,510051523.1101868,430.77934923967
2039-12-31,ssp370,CESM2,ssp370 (CMIP6) - CESM2,323.44876,510051523.1101868,423.7738162778931
2040-12-31,ssp370,CESM2,ssp370 (CMIP6) - CESM2,320.18332,510051523.1101868,415.2122540275865
2041-12-31,ssp370,CESM2,ssp370 (CMIP6) - CESM2,339.3933,510051523.1101868,442.16882048241223
2042-12-31,ssp370,CESM2,ssp370 (CMIP6) - CESM2,390.7329,510051523.1101868,508.5379700959643
2043-12-31,ssp370,CESM2,ssp370 (CMIP6) - CESM2,470.74097,510051523.1101868,618.2144560365432
2044-12-31,ssp370,CESM2,ssp370 (CMIP6) - CESM2,327.40527,510051523.1101868,433.15370547582194
2045-12-31,ssp370,CESM2,ssp370 (CMIP6) - CESM2,381.12146,510051523.1101868,507.6598391233687
2046-12-31,ssp370,CESM2,ssp370 (CMIP6) - CESM2,368.99207,510051523.1101868,479.63524556698985
2047-12-31,ssp370,CESM2,ssp370 (CMIP6) - CESM2,351.61255,510051523.1101868,453.3164025906883
2048-12-31,ssp370,CESM2,ssp370 (CMIP6) - CESM2,357.38525,510051523.1101868,471.59579577068445
2049-12-31,ssp370,CESM2,ssp370 (CMIP6) - CESM2,364.6866,510051523.1101868,481.1026089787991
2050-12-31,ssp370,CESM2,ssp370 (CMIP6) - CESM2,380.32397,510051523.1101868,497.599041212233
2051-12-31,ssp370,CESM2,ssp370 (CMIP6) - CESM2,354.03543,510051523.1101868,461.9600415205387
2052-12-31,ssp370,CESM2,ssp370 (CMIP6) - CESM2,321.35446,510051523.1101868,423.9253074683917
2053-12-31,ssp370,CESM2,ssp370 (CMIP6) - CESM2,339.1614,510051523.1101868,433.30916838218616
2054-12-31,ssp370,CESM2,ssp370 (CMIP6) - CESM2,363.52002,510051523.1101868,465.6461634332747
2055-12-31,ssp370,CESM2,ssp370 (CMIP6) - CESM2,384.8169,510051523.1101868,499.10572248296756
2056-12-31,ssp370,CESM2,ssp370 (CMIP6) - CESM2,355.78732,510051523.1101868,463.41565743183213
2057-12-31,ssp370,CESM2,ssp370 (CMIP6) - CESM2,379.6812,510051523.1101868,485.2891303373389
2058-12-31,ssp370,CESM2,ssp370 (CMIP6) - CESM2,383.92963,510051523.1101868,492.369505093266
2059-12-31,ssp370,CESM2,ssp370 (CMIP6) - CESM2,369.12747,510051523.1101868,478.882550826813
2060-12-31,ssp370,CESM2,ssp370 (CMIP6) - CESM2,395.7869,510051523.1101868,506.0579742571717
2061-12-31,ssp370,CESM2,ssp370 (CMIP6) - CESM2,301.40845,510051523.1101868,388.1827294094561
2062-12-31,ssp370,CESM2,ssp370 (CMIP6) - CESM2,357.7804,510051523.1101868,457.0571479397009
2063-12-31,ssp370,CESM2,ssp370 (CMIP6) - CESM2,354.86563,510051523.1101868,458.2057802549226
2064-12-31,ssp370,CESM2,ssp370 (CMIP6) - CESM2,374.98392,510051523.1101868,477.23775293263543
2065-12-31,ssp370,CESM2,ssp370 (CMIP6) - CESM2,371.5831,510051523.1101868,478.48091698983603
2066-12-31,ssp370,CESM2,ssp370 (CMIP6) - CESM2,377.55243,510051523.1101868,483.7246835037008
2067-12-31,ssp370,CESM2,ssp370 (CMIP6) - CESM2,350.621,510051523.1101868,453.39338610448635
2068-12-31,ssp370,CESM2,ssp370 (CMIP6) - CESM2,388.85767,510051523.1101868,497.68336925014484
2069-12-31,ssp370,CESM2,ssp370 (CMIP6) - CESM2,369.54105,510051523.1101868,480.11247193831633
2070-12-31,ssp370,CESM2,ssp370 (CMIP6) - CESM2,360.9718,510051523.1101868,470.43710557916353
2071-12-31,ssp370,CESM2,ssp370 (CMIP6) - CESM2,363.59772,510051523.1101868,461.0410779077038
2072-12-31,ssp370,CESM2,ssp370 (CMIP6) - CESM2,350.47104,510051523.1101868,446.34631313236235
2073-12-31,ssp370,CESM2,ssp370 (CMIP6) - CESM2,332.4678,510051523.1101868,418.8945253488609
2074-12-31,ssp370,CESM2,ssp370 (CMIP6) - CESM2,394.5757,510051523.1101868,491.6861471228521
2075-12-31,ssp370,CESM2,ssp370 (CMIP6) - CESM2,344.77292,510051523.1101868,444.55568224238107
2076-12-31,ssp370,CESM2,ssp370 (CMIP6) - CESM2,395.57892,510051523.1101868,516.4880260692933
2077-12-31,ssp370,CESM2,ssp370 (CMIP6) - CESM2,392.51227,510051523.1101868,510.35505658458214
2078-12-31,ssp370,CESM2,ssp370 (CMIP6) - CESM2,379.17587,510051523.1101868,475.44146471851974
2079-12-31,ssp370,CESM2,ssp370 (CMIP6) - CESM2,423.6265,510051523.1101868,537.3318987655704
2080-12-31,ssp370,CESM2,ssp370 (CMIP6) - CESM2,349.52615,510051523.1101868,447.33545359030484
2081-12-31,ssp370,CESM2,ssp370 (CMIP6) - CESM2,370.51935,510051523.1101868,470.21014601981153
2082-12-31,ssp370,CESM2,ssp370 (CMIP6) - CESM2,386.66,510051523.1101868,475.38065531661664
2083-12-31,ssp370,CESM2,ssp370 (CMIP6) - CESM2,391.06708,510051523.1101868,499.0519399002338
2084-12-31,ssp370,CESM2,ssp370 (CMIP6) - CESM2,339.138,510051523.1101868,428.1559667129652
2085-12-31,ssp370,CESM2,ssp370 (CMIP6) - CESM2,428.3432,510051523.1101868,533.9181264476699
2086-12-31,ssp370,CESM2,ssp370 (CMIP6) - CESM2,363.20486,510051523.1101868,454.7512602011358
2087-12-31,ssp370,CESM2,ssp370 (CMIP6) - CESM2,390.0557,510051523.1101868,492.60143177575253
2088-12-31,ssp370,CESM2,ssp370 (CMIP6) - CESM2,337.50714,510051523.1101868,423.96788413455045
2089-12-31,ssp370,CESM2,ssp370 (CMIP6) - CESM2,375.99127,510051523.1101868,469.03155933859017
2090-12-31,ssp370,CESM2,ssp370 (CMIP6) - CESM2,423.8782,510051523.1101868,528.3837535528124
2091-12-31,ssp370,CESM2,ssp370 (CMIP6) - CESM2,400.28363,510051523.1101868,506.1446608936373
2092-12-31,ssp370,CESM2,ssp370 (CMIP6) - CESM2,398.74,510051523.1101868,500.89352699593627
2093-12-31,ssp370,CESM2,ssp370 (CMIP6) - CESM2,374.68457,510051523.1101868,470.69429942771455
2094-12-31,ssp370,CESM2,ssp370 (CMIP6) - CESM2,430.71188,510051523.1101868,541.7512828726486
2095-12-31,ssp370,CESM2,ssp370 (CMIP6) - CESM2,409.88437,510051523.1101868,526.1858070214175
2096-12-31,ssp370,CESM2,ssp370 (CMIP6) - CESM2,421.56537,510051523.1101868,534.4167818337042
2097-12-31,ssp370,CESM2,ssp370 (CMIP6) - CESM2,394.12408,510051523.1101868,481.8633414460348
2098-12-31,ssp370,CESM2,ssp370 (CMIP6) - CESM2,431.03754,510051523.1101868,532.2435197961898
2099-12-31,ssp370,CESM2,ssp370 (CMIP6) - CESM2,422.0843,510051523.1101868,526.4514284432036
2100-12-31,ssp370,CESM2,ssp370 (CMIP6) - CESM2,354.22534,510051523.1101868,444.82725292030864
2015-12-31,ssp370,CESM2-WACCM,ssp370 (CMIP6) - CESM2-WACCM,359.65463,510051523.1101868,481.0793299759518
2016-12-31,ssp370,CESM2-WACCM,ssp370 (CMIP6) - CESM2-WACCM,347.54538,510051523.1101868,460.12238938040304
2017-12-31,ssp370,CESM2-WACCM,ssp370 (CMIP6) - CESM2-WACCM,397.67746,510051523.1101868,529.0443988979765
2018-12-31,ssp370,CESM2-WACCM,ssp370 (CMIP6) - CESM2-WACCM,403.84082,510051523.1101868,533.7445272950566
2019-12-31,ssp370,CESM2-WACCM,ssp370 (CMIP6) - CESM2-WACCM,327.32394,510051523.1101868,429.0929285191906
2020-12-31,ssp370,CESM2-WACCM,ssp370 (CMIP6) - CESM2-WACCM,417.09467,510051523.1101868,554.6640810903068
2021-12-31,ssp370,CESM2-WACCM,ssp370 (CMIP6) - CESM2-WACCM,355.37927,510051523.1101868,464.01866237786436
2022-12-31,ssp370,CESM2-WACCM,ssp370 (CMIP6) - CESM2-WACCM,357.4374,510051523.1101868,471.3484371478514
2023-12-31,ssp370,CESM2-WACCM,ssp370 (CMIP6) - CESM2-WACCM,402.55756,510051523.1101868,534.2952771481379
2024-12-31,ssp370,CESM2-WACCM,ssp370 (CMIP6) - CESM2-WACCM,366.97098,510051523.1101868,492.0824090066194
2025-12-31,ssp370,CESM2-WACCM,ssp370 (CMIP6) - CESM2-WACCM,396.27682,510051523.1101868,521.1380434225464
2026-12-31,ssp370,CESM2-WACCM,ssp370 (CMIP6) - CESM2-WACCM,378.84598,510051523.1101868,497.3669102614733
2027-12-31,ssp370,CESM2-WACCM,ssp370 (CMIP6) - CESM2-WACCM,366.86505,510051523.1101868,484.3649391017586
2028-12-31,ssp370,CESM2-WACCM,ssp370 (CMIP6) - CESM2-WACCM,384.9875,510051523.1101868,505.1261458483741
2029-12-31,ssp370,CESM2-WACCM,ssp370 (CMIP6) - CESM2-WACCM,337.13284,510051523.1101868,445.9921303828123
2030-12-31,ssp370,CESM2-WACCM,ssp370 (CMIP6) - CESM2-WACCM,350.82297,510051523.1101868,459.62496381953673
2031-12-31,ssp370,CESM2-WACCM,ssp370 (CMIP6) - CESM2-WACCM,369.99445,510051523.1101868,494.95424004375315
2032-12-31,ssp370,CESM2-WACCM,ssp370 (CMIP6) - CESM2-WACCM,445.31622,510051523.1101868,588.4014231547383
2033-12-31,ssp370,CESM2-WACCM,ssp370 (CMIP6) - CESM2-WACCM,417.5464,510051523.1101868,546.6482497935648
2034-12-31,ssp370,CESM2-WACCM,ssp370 (CMIP6) - CESM2-WACCM,334.81796,510051523.1101868,436.377698780759
2035-12-31,ssp370,CESM2-WACCM,ssp370 (CMIP6) - CESM2-WACCM,410.54846,510051523.1101868,545.0891953100485
2036-12-31,ssp370,CESM2-WACCM,ssp370 (CMIP6) - CESM2-WACCM,417.1502,510051523.1101868,542.4554637041562
2037-12-31,ssp370,CESM2-WACCM,ssp370 (CMIP6) - CESM2-WACCM,409.48938,510051523.1101868,538.1234502922568
2038-12-31,ssp370,CESM2-WACCM,ssp370 (CMIP6) - CESM2-WACCM,374.53827,510051523.1101868,497.5158784493445
2039-12-31,ssp370,CESM2-WACCM,ssp370 (CMIP6) - CESM2-WACCM,374.8748,510051523.1101868,487.893427887072
2040-12-31,ssp370,CESM2-WACCM,ssp370 (CMIP6) - CESM2-WACCM,358.8546,510051523.1101868,468.46665694678836
2041-12-31,ssp370,CESM2-WACCM,ssp370 (CMIP6) - CESM2-WACCM,378.9829,510051523.1101868,500.92175106310754
2042-12-31,ssp370,CESM2-WACCM,ssp370 (CMIP6) - CESM2-WACCM,366.13525,510051523.1101868,474.4569119211874
2043-12-31,ssp370,CESM2-WACCM,ssp370 (CMIP6) - CESM2-WACCM,388.43658,510051523.1101868,501.8552080298524
2044-12-31,ssp370,CESM2-WACCM,ssp370 (CMIP6) - CESM2-WACCM,335.51736,510051523.1101868,435.11890058486364
2045-12-31,ssp370,CESM2-WACCM,ssp370 (CMIP6) - CESM2-WACCM,352.3693,510051523.1101868,456.84342069982887
2046-12-31,ssp370,CESM2-WACCM,ssp370 (CMIP6) - CESM2-WACCM,368.51126,510051523.1101868,482.8846378112477
2047-12-31,ssp370,CESM2-WACCM,ssp370 (CMIP6) - CESM2-WACCM,340.58536,510051523.1101868,447.2173912833041
2048-12-31,ssp370,CESM2-WACCM,ssp370 (CMIP6) - CESM2-WACCM,355.93164,510051523.1101868,461.70659274295167
2049-12-31,ssp370,CESM2-WACCM,ssp370 (CMIP6) - CESM2-WACCM,377.74374,510051523.1101868,495.4941446988336
2050-12-31,ssp370,CESM2-WACCM,ssp370 (CMIP6) - CESM2-WACCM,382.9001,510051523.1101868,500.03141812045106
2051-12-31,ssp370,CESM2-WACCM,ssp370 (CMIP6) - CESM2-WACCM,338.86105,510051523.1101868,439.50139331573337
2052-12-31,ssp370,CESM2-WACCM,ssp370 (CMIP6) - CESM2-WACCM,357.9809,510051523.1101868,464.2348747480082
2053-12-31,ssp370,CESM2-WACCM,ssp370 (CMIP6) - CESM2-WACCM,397.11716,510051523.1101868,507.9260732928446
2054-12-31,ssp370,CESM2-WACCM,ssp370 (CMIP6) - CESM2-WACCM,369.64597,510051523.1101868,466.9515115399008
2055-12-31,ssp370,CESM2-WACCM,ssp370 (CMIP6) - CESM2-WACCM,367.00674,510051523.1101868,472.102713953191
2056-12-31,ssp370,CESM2-WACCM,ssp370 (CMIP6) - CESM2-WACCM,380.7212,510051523.1101868,491.9983904103156
2057-12-31,ssp370,CESM2-WACCM,ssp370 (CMIP6) - CESM2-WACCM,440.56055,510051523.1101868,577.7555204805759
2058-12-31,ssp370,CESM2-WACCM,ssp370 (CMIP6) - CESM2-WACCM,396.10455,510051523.1101868,515.319799306341
2059-12-31,ssp370,CESM2-WACCM,ssp370 (CMIP6) - CESM2-WACCM,374.12012,510051523.1101868,485.8040348049486
2060-12-31,ssp370,CESM2-WACCM,ssp370 (CMIP6) - CESM2-WACCM,437.90378,510051523.1101868,564.338666112976
2061-12-31,ssp370,CESM2-WACCM,ssp370 (CMIP6) - CESM2-WACCM,395.59564,510051523.1101868,510.9932216533918
2062-12-31,ssp370,CESM2-WACCM,ssp370 (CMIP6) - CESM2-WACCM,400.46497,510051523.1101868,522.591169246725
2063-12-31,ssp370,CESM2-WACCM,ssp370 (CMIP6) - CESM2-WACCM,372.86682,510051523.1101868,476.1905624002039
2064-12-31,ssp370,CESM2-WACCM,ssp370 (CMIP6) - CESM2-WACCM,361.24216,510051523.1101868,467.15061428077047
2065-12-31,ssp370,CESM2-WACCM,ssp370 (CMIP6) - CESM2-WACCM,378.02072,510051523.1101868,488.4455344660604
2066-12-31,ssp370,CESM2-WACCM,ssp370 (CMIP6) - CESM2-WACCM,412.0096,510051523.1101868,536.6800988738428
2067-12-31,ssp370,CESM2-WACCM,ssp370 (CMIP6) - CESM2-WACCM,368.74768,510051523.1101868,476.83123954801704
2068-12-31,ssp370,CESM2-WACCM,ssp370 (CMIP6) - CESM2-WACCM,404.88565,510051523.1101868,524.9299346010686
2069-12-31,ssp370,CESM2-WACCM,ssp370 (CMIP6) - CESM2-WACCM,450.20728,510051523.1101868,581.79693507132
2070-12-31,ssp370,CESM2-WACCM,ssp370 (CMIP6) - CESM2-WACCM,425.0957,510051523.1101868,536.0360558881845
2071-12-31,ssp370,CESM2-WACCM,ssp370 (CMIP6) - CESM2-WACCM,391.65146,510051523.1101868,503.5076108690007
2072-12-31,ssp370,CESM2-WACCM,ssp370 (CMIP6) - CESM2-WACCM,440.42706,510051523.1101868,568.0360445913774
2073-12-31,ssp370,CESM2-WACCM,ssp370 (CMIP6) - CESM2-WACCM,364.7448,510051523.1101868,467.5086004057064
2074-12-31,ssp370,CESM2-WACCM,ssp370 (CMIP6) - CESM2-WACCM,434.8438,510051523.1101868,552.0355058226548
2075-12-31,ssp370,CESM2-WACCM,ssp370 (CMIP6) - CESM2-WACCM,367.718,510051523.1101868,474.6612454533601
2076-12-31,ssp370,CESM2-WACCM,ssp370 (CMIP6) - CESM2-WACCM,415.79898,510051523.1101868,528.9794262626478
2077-12-31,ssp370,CESM2-WACCM,ssp370 (CMIP6) - CESM2-WACCM,416.7232,510051523.1101868,533.7709883612671
2078-12-31,ssp370,CESM2-WACCM,ssp370 (CMIP6) - CESM2-WACCM,383.35638,510051523.1101868,496.68860713925125
2079-12-31,ssp370,CESM2-WACCM,ssp370 (CMIP6) - CESM2-WACCM,432.92877,510051523.1101868,539.4722190112914
2080-12-31,ssp370,CESM2-WACCM,ssp370 (CMIP6) - CESM2-WACCM,448.57526,510051523.1101868,577.2090592749169
2081-12-31,ssp370,CESM2-WACCM,ssp370 (CMIP6) - CESM2-WACCM,428.5746,510051523.1101868,551.1710201405156
2082-12-31,ssp370,CESM2-WACCM,ssp370 (CMIP6) - CESM2-WACCM,434.1193,510051523.1101868,544.7591694608794
2083-12-31,ssp370,CESM2-WACCM,ssp370 (CMIP6) - CESM2-WACCM,392.82428,510051523.1101868,506.0165167059215
2084-12-31,ssp370,CESM2-WACCM,ssp370 (CMIP6) - CESM2-WACCM,357.16876,510051523.1101868,453.8435551615844
2085-12-31,ssp370,CESM2-WACCM,ssp370 (CMIP6) - CESM2-WACCM,408.9796,510051523.1101868,530.8838453171459
2086-12-31,ssp370,CESM2-WACCM,ssp370 (CMIP6) - CESM2-WACCM,429.58267,510051523.1101868,551.9492200872938
2087-12-31,ssp370,CESM2-WACCM,ssp370 (CMIP6) - CESM2-WACCM,408.80682,510051523.1101868,526.2858939318455
2088-12-31,ssp370,CESM2-WACCM,ssp370 (CMIP6) - CESM2-WACCM,401.54056,510051523.1101868,511.33203972087796
2089-12-31,ssp370,CESM2-WACCM,ssp370 (CMIP6) - CESM2-WACCM,427.3148,510051523.1101868,553.576661036162
2090-12-31,ssp370,CESM2-WACCM,ssp370 (CMIP6) - CESM2-WACCM,445.62842,510051523.1101868,573.8589680056936
2091-12-31,ssp370,CESM2-WACCM,ssp370 (CMIP6) - CESM2-WACCM,402.1536,510051523.1101868,514.0352188961418
2092-12-31,ssp370,CESM2-WACCM,ssp370 (CMIP6) - CESM2-WACCM,433.9783,510051523.1101868,544.878137395289
2093-12-31,ssp370,CESM2-WACCM,ssp370 (CMIP6) - CESM2-WACCM,419.566,510051523.1101868,539.9973051900131
2094-12-31,ssp370,CESM2-WACCM,ssp370 (CMIP6) - CESM2-WACCM,419.976,510051523.1101868,539.7560296725992
2095-12-31,ssp370,CESM2-WACCM,ssp370 (CMIP6) - CESM2-WACCM,449.84924,510051523.1101868,560.545578073176
2096-12-31,ssp370,CESM2-WACCM,ssp370 (CMIP6) - CESM2-WACCM,382.38998,510051523.1101868,487.55935994864086
2097-12-31,ssp370,CESM2-WACCM,ssp370 (CMIP6) - CESM2-WACCM,437.19016,510051523.1101868,557.4897481244865
2098-12-31,ssp370,CESM2-WACCM,ssp370 (CMIP6) - CESM2-WACCM,420.8129,510051523.1101868,528.7958173097097
2099-12-31,ssp370,CESM2-WACCM,ssp370 (CMIP6) - CESM2-WACCM,430.38712,510051523.1101868,539.2214555089964
2100-12-31,ssp370,CESM2-WACCM,ssp370 (CMIP6) - CESM2-WACCM,421.14697,510051523.1101868,529.7019587602952
2015-12-31,ssp370,CMCC-CM2-SR5,ssp370 (CMIP6) - CMCC-CM2-SR5,399.4933,510051523.1101868,516.8518544266664
2016-12-31,ssp370,CMCC-CM2-SR5,ssp370 (CMIP6) - CMCC-CM2-SR5,391.32578,510051523.1101868,505.53709134553736
2017-12-31,ssp370,CMCC-CM2-SR5,ssp370 (CMIP6) - CMCC-CM2-SR5,348.36752,510051523.1101868,437.9021209205494
2018-12-31,ssp370,CMCC-CM2-SR5,ssp370 (CMIP6) - CMCC-CM2-SR5,385.72256,510051523.1101868,472.4157516885828
2019-12-31,ssp370,CMCC-CM2-SR5,ssp370 (CMIP6) - CMCC-CM2-SR5,397.47992,510051523.1101868,499.3849671900185
2020-12-31,ssp370,CMCC-CM2-SR5,ssp370 (CMIP6) - CMCC-CM2-SR5,394.88504,510051523.1101868,515.1372196679858
2021-12-31,ssp370,CMCC-CM2-SR5,ssp370 (CMIP6) - CMCC-CM2-SR5,400.23273,510051523.1101868,501.59249528648866
2022-12-31,ssp370,CMCC-CM2-SR5,ssp370 (CMIP6) - CMCC-CM2-SR5,339.35132,510051523.1101868,433.8197570865304
2023-12-31,ssp370,CMCC-CM2-SR5,ssp370 (CMIP6) - CMCC-CM2-SR5,402.99045,510051523.1101868,488.9901206051869
2024-12-31,ssp370,CMCC-CM2-SR5,ssp370 (CMIP6) - CMCC-CM2-SR5,416.05447,510051523.1101868,481.8692868835134
2025-12-31,ssp370,CMCC-CM2-SR5,ssp370 (CMIP6) - CMCC-CM2-SR5,355.23413,510051523.1101868,449.6578244434888
2026-12-31,ssp370,CMCC-CM2-SR5,ssp370 (CMIP6) - CMCC-CM2-SR5,421.37595,510051523.1101868,547.5294542181435
2027-12-31,ssp370,CMCC-CM2-SR5,ssp370 (CMIP6) - CMCC-CM2-SR5,313.81863,510051523.1101868,402.21814178041706
2028-12-31,ssp370,CMCC-CM2-SR5,ssp370 (CMIP6) - CMCC-CM2-SR5,411.68945,510051523.1101868,506.51790600331276
2029-12-31,ssp370,CMCC-CM2-SR5,ssp370 (CMIP6) - CMCC-CM2-SR5,360.66876,510051523.1101868,440.20775712868937
2030-12-31,ssp370,CMCC-CM2-SR5,ssp370 (CMIP6) - CMCC-CM2-SR5,348.26978,510051523.1101868,428.74157943318204
2031-12-31,ssp370,CMCC-CM2-SR5,ssp370 (CMIP6) - CMCC-CM2-SR5,402.6117,510051523.1101868,511.6628480400553
2032-12-31,ssp370,CMCC-CM2-SR5,ssp370 (CMIP6) - CMCC-CM2-SR5,404.7949,510051523.1101868,513.6512035900021
2033-12-31,ssp370,CMCC-CM2-SR5,ssp370 (CMIP6) - CMCC-CM2-SR5,388.31683,510051523.1101868,492.73371844792143
2034-12-31,ssp370,CMCC-CM2-SR5,ssp370 (CMIP6) - CMCC-CM2-SR5,381.158,510051523.1101868,483.15779558103935
2035-12-31,ssp370,CMCC-CM2-SR5,ssp370 (CMIP6) - CMCC-CM2-SR5,378.71097,510051523.1101868,469.0580445658034
2036-12-31,ssp370,CMCC-CM2-SR5,ssp370 (CMIP6) - CMCC-CM2-SR5,419.1954,510051523.1101868,505.55508060125993
2037-12-31,ssp370,CMCC-CM2-SR5,ssp370 (CMIP6) - CMCC-CM2-SR5,399.1395,510051523.1101868,503.1021913698881
2038-12-31,ssp370,CMCC-CM2-SR5,ssp370 (CMIP6) - CMCC-CM2-SR5,374.4418,510051523.1101868,467.24109144161156
2039-12-31,ssp370,CMCC-CM2-SR5,ssp370 (CMIP6) - CMCC-CM2-SR5,374.16174,510051523.1101868,485.01777880773056
2040-12-31,ssp370,CMCC-CM2-SR5,ssp370 (CMIP6) - CMCC-CM2-SR5,369.42645,510051523.1101868,450.1303760936446
2041-12-31,ssp370,CMCC-CM2-SR5,ssp370 (CMIP6) - CMCC-CM2-SR5,365.79724,510051523.1101868,458.0490380840266
2042-12-31,ssp370,CMCC-CM2-SR5,ssp370 (CMIP6) - CMCC-CM2-SR5,439.83698,510051523.1101868,516.5868224380142
2043-12-31,ssp370,CMCC-CM2-SR5,ssp370 (CMIP6) - CMCC-CM2-SR5,380.04184,510051523.1101868,486.3973670104795
2044-12-31,ssp370,CMCC-CM2-SR5,ssp370 (CMIP6) - CMCC-CM2-SR5,376.93164,510051523.1101868,476.5865036409431
2045-12-31,ssp370,CMCC-CM2-SR5,ssp370 (CMIP6) - CMCC-CM2-SR5,412.80963,510051523.1101868,511.3341040122158
2046-12-31,ssp370,CMCC-CM2-SR5,ssp370 (CMIP6) - CMCC-CM2-SR5,592.68195,510051523.1101868,634.5202790310656
2047-12-31,ssp370,CMCC-CM2-SR5,ssp370 (CMIP6) - CMCC-CM2-SR5,398.1152,510051523.1101868,499.155073352784
2048-12-31,ssp370,CMCC-CM2-SR5,ssp370 (CMIP6) - CMCC-CM2-SR5,432.79617,510051523.1101868,537.7981548611766
2049-12-31,ssp370,CMCC-CM2-SR5,ssp370 (CMIP6) - CMCC-CM2-SR5,529.6639,510051523.1101868,624.1451498539274
2050-12-31,ssp370,CMCC-CM2-SR5,ssp370 (CMIP6) - CMCC-CM2-SR5,380.3367,510051523.1101868,478.2332230493838
2051-12-31,ssp370,CMCC-CM2-SR5,ssp370 (CMIP6) - CMCC-CM2-SR5,541.283,510051523.1101868,621.4989720964631
2052-12-31,ssp370,CMCC-CM2-SR5,ssp370 (CMIP6) - CMCC-CM2-SR5,465.81686,510051523.1101868,570.0485871369203
2053-12-31,ssp370,CMCC-CM2-SR5,ssp370 (CMIP6) - CMCC-CM2-SR5,475.04068,510051523.1101868,570.8067335124674
2054-12-31,ssp370,CMCC-CM2-SR5,ssp370 (CMIP6) - CMCC-CM2-SR5,403.60834,510051523.1101868,493.1501857693254
2055-12-31,ssp370,CMCC-CM2-SR5,ssp370 (CMIP6) - CMCC-CM2-SR5,459.90927,510051523.1101868,559.5537195660063
2056-12-31,ssp370,CMCC-CM2-SR5,ssp370 (CMIP6) - CMCC-CM2-SR5,577.3809,510051523.1101868,647.9138748390772
2057-12-31,ssp370,CMCC-CM2-SR5,ssp370 (CMIP6) - CMCC-CM2-SR5,432.03323,510051523.1101868,535.477273664825
2058-12-31,ssp370,CMCC-CM2-SR5,ssp370 (CMIP6) - CMCC-CM2-SR5,427.55154,510051523.1101868,513.2536179583261
2059-12-31,ssp370,CMCC-CM2-SR5,ssp370 (CMIP6) - CMCC-CM2-SR5,485.4761,510051523.1101868,597.756008969532
2060-12-31,ssp370,CMCC-CM2-SR5,ssp370 (CMIP6) - CMCC-CM2-SR5,502.09402,510051523.1101868,615.6621042806845
2061-12-31,ssp370,CMCC-CM2-SR5,ssp370 (CMIP6) - CMCC-CM2-SR5,445.03162,510051523.1101868,558.7759447320196
2062-12-31,ssp370,CMCC-CM2-SR5,ssp370 (CMIP6) - CMCC-CM2-SR5,479.7528,510051523.1101868,582.0881944787773
2063-12-31,ssp370,CMCC-CM2-SR5,ssp370 (CMIP6) - CMCC-CM2-SR5,462.0699,510051523.1101868,573.3912666957671
2064-12-31,ssp370,CMCC-CM2-SR5,ssp370 (CMIP6) - CMCC-CM2-SR5,473.516,510051523.1101868,544.004556217093
2065-12-31,ssp370,CMCC-CM2-SR5,ssp370 (CMIP6) - CMCC-CM2-SR5,376.28265,510051523.1101868,463.1893448110247
2066-12-31,ssp370,CMCC-CM2-SR5,ssp370 (CMIP6) - CMCC-CM2-SR5,487.62766,510051523.1101868,596.9473142180748
2067-12-31,ssp370,CMCC-CM2-SR5,ssp370 (CMIP6) - CMCC-CM2-SR5,474.73615,510051523.1101868,576.6420751213008
2068-12-31,ssp370,CMCC-CM2-SR5,ssp370 (CMIP6) - CMCC-CM2-SR5,519.37213,510051523.1101868,640.135372923868
2069-12-31,ssp370,CMCC-CM2-SR5,ssp370 (CMIP6) - CMCC-CM2-SR5,472.89053,510051523.1101868,555.0314119234313
2070-12-31,ssp370,CMCC-CM2-SR5,ssp370 (CMIP6) - CMCC-CM2-SR5,722.16235,510051523.1101868,767.5851770161006
2071-12-31,ssp370,CMCC-CM2-SR5,ssp370 (CMIP6) - CMCC-CM2-SR5,544.16644,510051523.1101868,616.791939842174
2072-12-31,ssp370,CMCC-CM2-SR5,ssp370 (CMIP6) - CMCC-CM2-SR5,541.3781,510051523.1101868,630.3519890908503
2073-12-31,ssp370,CMCC-CM2-SR5,ssp370 (CMIP6) - CMCC-CM2-SR5,471.1918,510051523.1101868,569.8526425053284
2074-12-31,ssp370,CMCC-CM2-SR5,ssp370 (CMIP6) - CMCC-CM2-SR5,571.871,510051523.1101868,685.1718772007299
2075-12-31,ssp370,CMCC-CM2-SR5,ssp370 (CMIP6) - CMCC-CM2-SR5,558.9754,510051523.1101868,677.7070870029726
2076-12-31,ssp370,CMCC-CM2-SR5,ssp370 (CMIP6) - CMCC-CM2-SR5,594.2234,510051523.1101868,680.0241444913112
2077-12-31,ssp370,CMCC-CM2-SR5,ssp370 (CMIP6) - CMCC-CM2-SR5,497.51257,510051523.1101868,600.9844222684999
2078-12-31,ssp370,CMCC-CM2-SR5,ssp370 (CMIP6) - CMCC-CM2-SR5,605.0513,510051523.1101868,699.1232608658324
2079-12-31,ssp370,CMCC-CM2-SR5,ssp370 (CMIP6) - CMCC-CM2-SR5,472.78308,510051523.1101868,573.7951818135338
2080-12-31,ssp370,CMCC-CM2-SR5,ssp370 (CMIP6) - CMCC-CM2-SR5,560.6594,510051523.1101868,675.1493623367085
2081-12-31,ssp370,CMCC-CM2-SR5,ssp370 (CMIP6) - CMCC-CM2-SR5,464.28104,510051523.1101868,568.3126479431097
2082-12-31,ssp370,CMCC-CM2-SR5,ssp370 (CMIP6) - CMCC-CM2-SR5,541.1524,510051523.1101868,634.9735025740185
2083-12-31,ssp370,CMCC-CM2-SR5,ssp370 (CMIP6) - CMCC-CM2-SR5,544.8419,510051523.1101868,629.289573369577
2084-12-31,ssp370,CMCC-CM2-SR5,ssp370 (CMIP6) - CMCC-CM2-SR5,593.75134,510051523.1101868,699.1931005702454
2085-12-31,ssp370,CMCC-CM2-SR5,ssp370 (CMIP6) - CMCC-CM2-SR5,758.64386,510051523.1101868,827.5883578654747
2086-12-31,ssp370,CMCC-CM2-SR5,ssp370 (CMIP6) - CMCC-CM2-SR5,523.07605,510051523.1101868,599.7188521837886
2087-12-31,ssp370,CMCC-CM2-SR5,ssp370 (CMIP6) - CMCC-CM2-SR5,515.5077,510051523.1101868,613.508536090427
2088-12-31,ssp370,CMCC-CM2-SR5,ssp370 (CMIP6) - CMCC-CM2-SR5,608.46344,510051523.1101868,675.9092238116319
2089-12-31,ssp370,CMCC-CM2-SR5,ssp370 (CMIP6) - CMCC-CM2-SR5,652.7913,510051523.1101868,739.0983034095015
2090-12-31,ssp370,CMCC-CM2-SR5,ssp370 (CMIP6) - CMCC-CM2-SR5,551.30133,510051523.1101868,680.2833149220085
2091-12-31,ssp370,CMCC-CM2-SR5,ssp370 (CMIP6) - CMCC-CM2-SR5,604.8724,510051523.1101868,711.5271944672373
2092-12-31,ssp370,CMCC-CM2-SR5,ssp370 (CMIP6) - CMCC-CM2-SR5,510.77112,510051523.1101868,634.6876247952016
2093-12-31,ssp370,CMCC-CM2-SR5,ssp370 (CMIP6) - CMCC-CM2-SR5,746.7825,510051523.1101868,822.3123408754648
2094-12-31,ssp370,CMCC-CM2-SR5,ssp370 (CMIP6) - CMCC-CM2-SR5,573.7534,510051523.1101868,654.7005973658219
2095-12-31,ssp370,CMCC-CM2-SR5,ssp370 (CMIP6) - CMCC-CM2-SR5,627.57825,510051523.1101868,731.9692992589087
2096-12-31,ssp370,CMCC-CM2-SR5,ssp370 (CMIP6) - CMCC-CM2-SR5,471.38104,510051523.1101868,578.5584813786753
2097-12-31,ssp370,CMCC-CM2-SR5,ssp370 (CMIP6) - CMCC-CM2-SR5,670.50024,510051523.1101868,768.7102114865781
2098-12-31,ssp370,CMCC-CM2-SR5,ssp370 (CMIP6) - CMCC-CM2-SR5,563.5095,510051523.1101868,678.144131580143
2099-12-31,ssp370,CMCC-CM2-SR5,ssp370 (CMIP6) - CMCC-CM2-SR5,484.22733,510051523.1101868,598.0724332498921
2100-12-31,ssp370,CMCC-CM2-SR5,ssp370 (CMIP6) - CMCC-CM2-SR5,562.89734,510051523.1101868,671.5444528785752
2015-12-31,ssp370,NorESM2-LM,ssp370 (CMIP6) - NorESM2-LM,74.63837,510017987.8256495,397.9861760280738
2016-12-31,ssp370,NorESM2-LM,ssp370 (CMIP6) - NorESM2-LM,84.07579,510017987.8256495,449.98528092419144
2017-12-31,ssp370,NorESM2-LM,ssp370 (CMIP6) - NorESM2-LM,81.65755,510017987.8256495,436.86949139359893
2018-12-31,ssp370,NorESM2-LM,ssp370 (CMIP6) - NorESM2-LM,80.98399,510017987.8256495,432.6681539183358
2019-12-31,ssp370,NorESM2-LM,ssp370 (CMIP6) - NorESM2-LM,79.91182,510017987.8256495,423.63503702228627
2020-12-31,ssp370,NorESM2-LM,ssp370 (CMIP6) - NorESM2-LM,91.43983,510017987.8256495,482.3585523145369
2021-12-31,ssp370,NorESM2-LM,ssp370 (CMIP6) - NorESM2-LM,88.693245,510017987.8256495,475.222759923162
2022-12-31,ssp370,NorESM2-LM,ssp370 (CMIP6) - NorESM2-LM,77.36042,510017987.8256495,419.8891206717217
2023-12-31,ssp370,NorESM2-LM,ssp370 (CMIP6) - NorESM2-LM,75.36028,510017987.8256495,399.63409866533186
2024-12-31,ssp370,NorESM2-LM,ssp370 (CMIP6) - NorESM2-LM,91.59377,510017987.8256495,481.0466931221258
2025-12-31,ssp370,NorESM2-LM,ssp370 (CMIP6) - NorESM2-LM,85.75458,510017987.8256495,451.4556894327672
2026-12-31,ssp370,NorESM2-LM,ssp370 (CMIP6) - NorESM2-LM,81.28768,510017987.8256495,432.0506989864385
2027-12-31,ssp370,NorESM2-LM,ssp370 (CMIP6) - NorESM2-LM,86.1415,510017987.8256495,453.2146207148302
2028-12-31,ssp370,NorESM2-LM,ssp370 (CMIP6) - NorESM2-LM,76.588715,510017987.8256495,408.7405739207489
2029-12-31,ssp370,NorESM2-LM,ssp370 (CMIP6) - NorESM2-LM,79.849236,510017987.8256495,418.1761993777624
2030-12-31,ssp370,NorESM2-LM,ssp370 (CMIP6) - NorESM2-LM,82.71951,510017987.8256495,435.0038724733318
2031-12-31,ssp370,NorESM2-LM,ssp370 (CMIP6) - NorESM2-LM,88.55385,510017987.8256495,450.176116628422
2032-12-31,ssp370,NorESM2-LM,ssp370 (CMIP6) - NorESM2-LM,78.441216,510017987.8256495,405.0450797895009
2033-12-31,ssp370,NorESM2-LM,ssp370 (CMIP6) - NorESM2-LM,74.699585,510017987.8256495,394.6306506932216
2034-12-31,ssp370,NorESM2-LM,ssp370 (CMIP6) - NorESM2-LM,77.88791,510017987.8256495,420.8282391497679
2035-12-31,ssp370,NorESM2-LM,ssp370 (CMIP6) - NorESM2-LM,76.63908,510017987.8256495,405.20968674631564
2036-12-31,ssp370,NorESM2-LM,ssp370 (CMIP6) - NorESM2-LM,68.05665,510017987.8256495,360.90791006137783
2037-12-31,ssp370,NorESM2-LM,ssp370 (CMIP6) - NorESM2-LM,76.625206,510017987.8256495,406.4430124076257
2038-12-31,ssp370,NorESM2-LM,ssp370 (CMIP6) - NorESM2-LM,78.38993,510017987.8256495,413.92853288511003
2039-12-31,ssp370,NorESM2-LM,ssp370 (CMIP6) - NorESM2-LM,83.88005,510017987.8256495,438.0117604513644
2040-12-31,ssp370,NorESM2-LM,ssp370 (CMIP6) - NorESM2-LM,75.93455,510017987.8256495,398.7742048796548
2041-12-31,ssp370,NorESM2-LM,ssp370 (CMIP6) - NorESM2-LM,87.10576,510017987.8256495,453.39777677939213
2042-12-31,ssp370,NorESM2-LM,ssp370 (CMIP6) - NorESM2-LM,70.69707,510017987.8256495,375.54226689878965
2043-12-31,ssp370,NorESM2-LM,ssp370 (CMIP6) - NorESM2-LM,68.5549,510017987.8256495,364.34561866008
2044-12-31,ssp370,NorESM2-LM,ssp370 (CMIP6) - NorESM2-LM,81.41462,510017987.8256495,426.6938802167866
2045-12-31,ssp370,NorESM2-LM,ssp370 (CMIP6) - NorESM2-LM,84.55734,510017987.8256495,434.9432020461482
2046-12-31,ssp370,NorESM2-LM,ssp370 (CMIP6) - NorESM2-LM,72.44194,510017987.8256495,383.0798529948759
2047-12-31,ssp370,NorESM2-LM,ssp370 (CMIP6) - NorESM2-LM,73.171844,510017987.8256495,374.42022672061256
2048-12-31,ssp370,NorESM2-LM,ssp370 (CMIP6) - NorESM2-LM,88.646645,510017987.8256495,454.7255271111543
2049-12-31,ssp370,NorESM2-LM,ssp370 (CMIP6) - NorESM2-LM,79.27578,510017987.8256495,424.9424478415362
2050-12-31,ssp370,NorESM2-LM,ssp370 (CMIP6) - NorESM2-LM,73.70447,510017987.8256495,386.7262464134202
2051-12-31,ssp370,NorESM2-LM,ssp370 (CMIP6) - NorESM2-LM,80.106926,510017987.8256495,410.8258463596198
2052-12-31,ssp370,NorESM2-LM,ssp370 (CMIP6) - NorESM2-LM,75.287384,510017987.8256495,390.87822420012327
2053-12-31,ssp370,NorESM2-LM,ssp370 (CMIP6) - NorESM2-LM,78.69172,510017987.8256495,413.7758653214278
2054-12-31,ssp370,NorESM2-LM,ssp370 (CMIP6) - NorESM2-LM,78.386826,510017987.8256495,413.47609599747403
2055-12-31,ssp370,NorESM2-LM,ssp370 (CMIP6) - NorESM2-LM,83.142586,510017987.8256495,428.1614075216427
2056-12-31,ssp370,NorESM2-LM,ssp370 (CMIP6) - NorESM2-LM,76.91657,510017987.8256495,403.7511613725996
2057-12-31,ssp370,NorESM2-LM,ssp370 (CMIP6) - NorESM2-LM,88.119995,510017987.8256495,462.4032225251796
2058-12-31,ssp370,NorESM2-LM,ssp370 (CMIP6) - NorESM2-LM,80.59523,510017987.8256495,420.34227865999605
2059-12-31,ssp370,NorESM2-LM,ssp370 (CMIP6) - NorESM2-LM,75.7939,510017987.8256495,391.8703669540185
2060-12-31,ssp370,NorESM2-LM,ssp370 (CMIP6) - NorESM2-LM,82.739136,510017987.8256495,421.89898208126766
2061-12-31,ssp370,NorESM2-LM,ssp370 (CMIP6) - NorESM2-LM,83.260925,510017987.8256495,433.8249531309593
2062-12-31,ssp370,NorESM2-LM,ssp370 (CMIP6) - NorESM2-LM,82.35355,510017987.8256495,429.18981973133106
2063-12-31,ssp370,NorESM2-LM,ssp370 (CMIP6) - NorESM2-LM,79.16313,510017987.8256495,405.05563659833547
2064-12-31,ssp370,NorESM2-LM,ssp370 (CMIP6) - NorESM2-LM,86.39516,510017987.8256495,441.14680474451336
2065-12-31,ssp370,NorESM2-LM,ssp370 (CMIP6) - NorESM2-LM,76.376396,510017987.8256495,402.39908869749695
2066-12-31,ssp370,NorESM2-LM,ssp370 (CMIP6) - NorESM2-LM,88.21177,510017987.8256495,459.5489599290592
2067-12-31,ssp370,NorESM2-LM,ssp370 (CMIP6) - NorESM2-LM,92.81968,510017987.8256495,478.0901664856938
2068-12-31,ssp370,NorESM2-LM,ssp370 (CMIP6) - NorESM2-LM,93.82414,510017987.8256495,485.2972669363176
2069-12-31,ssp370,NorESM2-LM,ssp370 (CMIP6) - NorESM2-LM,83.23169,510017987.8256495,434.96312876374463
2070-12-31,ssp370,NorESM2-LM,ssp370 (CMIP6) - NorESM2-LM,81.41552,510017987.8256495,421.541447660183
2071-12-31,ssp370,NorESM2-LM,ssp370 (CMIP6) - NorESM2-LM,84.431145,510017987.8256495,428.2942534698835
2072-12-31,ssp370,NorESM2-LM,ssp370 (CMIP6) - NorESM2-LM,75.26803,510017987.8256495,389.07713064509403
2073-12-31,ssp370,NorESM2-LM,ssp370 (CMIP6) - NorESM2-LM,79.12057,510017987.8256495,407.204555751286
2074-12-31,ssp370,NorESM2-LM,ssp370 (CMIP6) - NorESM2-LM,79.766495,510017987.8256495,410.2777502907668
2075-12-31,ssp370,NorESM2-LM,ssp370 (CMIP6) - NorESM2-LM,85.82697,510017987.8256495,442.6029924906547
2076-12-31,ssp370,NorESM2-LM,ssp370 (CMIP6) - NorESM2-LM,75.602356,510017987.8256495,385.56834800494556
2077-12-31,ssp370,NorESM2-LM,ssp370 (CMIP6) - NorESM2-LM,92.286804,510017987.8256495,467.31400694860446
2078-12-31,ssp370,NorESM2-LM,ssp370 (CMIP6) - NorESM2-LM,84.60792,510017987.8256495,419.959289826094
2079-12-31,ssp370,NorESM2-LM,ssp370 (CMIP6) - NorESM2-LM,79.73115,510017987.8256495,413.7294896976308
2080-12-31,ssp370,NorESM2-LM,ssp370 (CMIP6) - NorESM2-LM,89.575005,510017987.8256495,458.34419986924746
2081-12-31,ssp370,NorESM2-LM,ssp370 (CMIP6) - NorESM2-LM,79.68756,510017987.8256495,412.3749448411211
2082-12-31,ssp370,NorESM2-LM,ssp370 (CMIP6) - NorESM2-LM,94.6288,510017987.8256495,477.55349858594127
2083-12-31,ssp370,NorESM2-LM,ssp370 (CMIP6) - NorESM2-LM,77.120834,510017987.8256495,399.99920353062595
2084-12-31,ssp370,NorESM2-LM,ssp370 (CMIP6) - NorESM2-LM,76.60581,510017987.8256495,396.0231766379928
2085-12-31,ssp370,NorESM2-LM,ssp370 (CMIP6) - NorESM2-LM,84.63147,510017987.8256495,425.87447677606497
2086-12-31,ssp370,NorESM2-LM,ssp370 (CMIP6) - NorESM2-LM,85.10127,510017987.8256495,427.91039930836786
2087-12-31,ssp370,NorESM2-LM,ssp370 (CMIP6) - NorESM2-LM,82.91513,510017987.8256495,417.2195919004881
2088-12-31,ssp370,NorESM2-LM,ssp370 (CMIP6) - NorESM2-LM,81.35631,510017987.8256495,416.57447119248405
2089-12-31,ssp370,NorESM2-LM,ssp370 (CMIP6) - NorESM2-LM,77.38561,510017987.8256495,399.0448376448092
2090-12-31,ssp370,NorESM2-LM,ssp370 (CMIP6) - NorESM2-LM,86.32551,510017987.8256495,429.8577248696398
2091-12-31,ssp370,NorESM2-LM,ssp370 (CMIP6) - NorESM2-LM,74.33105,510017987.8256495,380.4148488109117
2092-12-31,ssp370,NorESM2-LM,ssp370 (CMIP6) - NorESM2-LM,83.91369,510017987.8256495,424.5739326136669
2093-12-31,ssp370,NorESM2-LM,ssp370 (CMIP6) - NorESM2-LM,73.6086,510017987.8256495,378.84051128617614
2094-12-31,ssp370,NorESM2-LM,ssp370 (CMIP6) - NorESM2-LM,82.5983,510017987.8256495,412.1933694472701
2095-12-31,ssp370,NorESM2-LM,ssp370 (CMIP6) - NorESM2-LM,82.91388,510017987.8256495,414.5330373192091
2096-12-31,ssp370,NorESM2-LM,ssp370 (CMIP6) - NorESM2-LM,85.98776,510017987.8256495,433.06185609438927
2097-12-31,ssp370,NorESM2-LM,ssp370 (CMIP6) - NorESM2-LM,80.994354,510017987.8256495,414.15675592827665
2098-12-31,ssp370,NorESM2-LM,ssp370 (CMIP6) - NorESM2-LM,74.992355,510017987.8256495,383.1420932536765
2099-12-31,ssp370,NorESM2-LM,ssp370 (CMIP6) - NorESM2-LM,85.7305,510017987.8256495,433.7884380313162
2100-12-31,ssp370,NorESM2-LM,ssp370 (CMIP6) - NorESM2-LM,76.40193,510017987.8256495,397.62877198668053
2015-12-31,ssp585,CESM2,ssp585 (CMIP6) - CESM2,318.69812,510051523.1101868,423.38908840135747
2016-12-31,ssp585,CESM2,ssp585 (CMIP6) - CESM2,361.378,510051523.1101868,476.6960766605622
2017-12-31,ssp585,CESM2,ssp585 (CMIP6) - CESM2,364.46216,510051523.1101868,486.50658158671115
2018-12-31,ssp585,CESM2,ssp585 (CMIP6) - CESM2,362.81094,510051523.1101868,482.5682611587088
2019-12-31,ssp585,CESM2,ssp585 (CMIP6) - CESM2,376.16968,510051523.1101868,497.3802345316743
2020-12-31,ssp585,CESM2,ssp585 (CMIP6) - CESM2,350.44635,510051523.1101868,464.8950445364572
2021-12-31,ssp585,CESM2,ssp585 (CMIP6) - CESM2,387.9689,510051523.1101868,510.0437819757412
2022-12-31,ssp585,CESM2,ssp585 (CMIP6) - CESM2,331.25046,510051523.1101868,446.0475197415902
2023-12-31,ssp585,CESM2,ssp585 (CMIP6) - CESM2,370.02197,510051523.1101868,491.94496438779424
2024-12-31,ssp585,CESM2,ssp585 (CMIP6) - CESM2,393.76315,510051523.1101868,526.3153657700893
2025-12-31,ssp585,CESM2,ssp585 (CMIP6) - CESM2,346.56195,510051523.1101868,457.5250352478587
2026-12-31,ssp585,CESM2,ssp585 (CMIP6) - CESM2,413.3409,510051523.1101868,534.9285181970645
2027-12-31,ssp585,CESM2,ssp585 (CMIP6) - CESM2,344.63348,510051523.1101868,454.786100874383
2028-12-31,ssp585,CESM2,ssp585 (CMIP6) - CESM2,407.69162,510051523.1101868,537.2200564558684
2029-12-31,ssp585,CESM2,ssp585 (CMIP6) - CESM2,352.02786,510051523.1101868,471.7524801472782
2030-12-31,ssp585,CESM2,ssp585 (CMIP6) - CESM2,412.33353,510051523.1101868,552.2027598008451
2031-12-31,ssp585,CESM2,ssp585 (CMIP6) - CESM2,340.983,510051523.1101868,452.66298667148163
2032-12-31,ssp585,CESM2,ssp585 (CMIP6) - CESM2,360.62625,510051523.1101868,463.16466551987355
2033-12-31,ssp585,CESM2,ssp585 (CMIP6) - CESM2,387.71198,510051523.1101868,505.4429116200998
2034-12-31,ssp585,CESM2,ssp585 (CMIP6) - CESM2,382.6221,510051523.1101868,502.1819014322464
2035-12-31,ssp585,CESM2,ssp585 (CMIP6) - CESM2,391.59036,510051523.1101868,523.0047040809409
2036-12-31,ssp585,CESM2,ssp585 (CMIP6) - CESM2,359.83093,510051523.1101868,475.9065933963227
2037-12-31,ssp585,CESM2,ssp585 (CMIP6) - CESM2,354.98526,510051523.1101868,462.88278727832375
2038-12-31,ssp585,CESM2,ssp585 (CMIP6) - CESM2,397.16602,510051523.1101868,531.6076517823478
2039-12-31,ssp585,CESM2,ssp585 (CMIP6) - CESM2,382.18375,510051523.1101868,503.0444140064247
2040-12-31,ssp585,CESM2,ssp585 (CMIP6) - CESM2,379.98376,510051523.1101868,504.7629856384374
2041-12-31,ssp585,CESM2,ssp585 (CMIP6) - CESM2,338.088,510051523.1101868,439.64925473911353
2042-12-31,ssp585,CESM2,ssp585 (CMIP6) - CESM2,376.4681,510051523.1101868,489.6732137454572
2043-12-31,ssp585,CESM2,ssp585 (CMIP6) - CESM2,400.60117,510051523.1101868,522.9082423614284
2044-12-31,ssp585,CESM2,ssp585 (CMIP6) - CESM2,306.92273,510051523.1101868,395.0969864190353
2045-12-31,ssp585,CESM2,ssp585 (CMIP6) - CESM2,456.4447,510051523.1101868,592.2528001480098
2046-12-31,ssp585,CESM2,ssp585 (CMIP6) - CESM2,354.87094,510051523.1101868,464.15685639695226
2047-12-31,ssp585,CESM2,ssp585 (CMIP6) - CESM2,359.51578,510051523.1101868,467.4985500360888
2048-12-31,ssp585,CESM2,ssp585 (CMIP6) - CESM2,337.0363,510051523.1101868,436.5485326214566
2049-12-31,ssp585,CESM2,ssp585 (CMIP6) - CESM2,408.9146,510051523.1101868,532.7603980398484
2050-12-31,ssp585,CESM2,ssp585 (CMIP6) - CESM2,413.5703,510051523.1101868,540.294927294352
2051-12-31,ssp585,CESM2,ssp585 (CMIP6) - CESM2,357.06888,510051523.1101868,462.38524503074314
2052-12-31,ssp585,CESM2,ssp585 (CMIP6) - CESM2,388.65347,510051523.1101868,501.4417654616927
2053-12-31,ssp585,CESM2,ssp585 (CMIP6) - CESM2,404.28326,510051523.1101868,528.1929249581259
2054-12-31,ssp585,CESM2,ssp585 (CMIP6) - CESM2,359.0413,510051523.1101868,459.68493811261624
2055-12-31,ssp585,CESM2,ssp585 (CMIP6) - CESM2,420.17728,510051523.1101868,538.5296633147851
2056-12-31,ssp585,CESM2,ssp585 (CMIP6) - CESM2,394.3098,510051523.1101868,514.6629109335687
2057-12-31,ssp585,CESM2,ssp585 (CMIP6) - CESM2,363.49994,510051523.1101868,476.036714736475
2058-12-31,ssp585,CESM2,ssp585 (CMIP6) - CESM2,429.749,510051523.1101868,559.8989910421799
2059-12-31,ssp585,CESM2,ssp585 (CMIP6) - CESM2,434.7098,510051523.1101868,555.7519416120753
2060-12-31,ssp585,CESM2,ssp585 (CMIP6) - CESM2,386.97565,510051523.1101868,495.8852239750072
2061-12-31,ssp585,CESM2,ssp585 (CMIP6) - CESM2,462.57852,510051523.1101868,597.5093579267572
2062-12-31,ssp585,CESM2,ssp585 (CMIP6) - CESM2,416.78223,510051523.1101868,531.2535636433403
2063-12-31,ssp585,CESM2,ssp585 (CMIP6) - CESM2,484.873,510051523.1101868,633.1681254302152
2064-12-31,ssp585,CESM2,ssp585 (CMIP6) - CESM2,402.7178,510051523.1101868,513.2427321468593
2065-12-31,ssp585,CESM2,ssp585 (CMIP6) - CESM2,428.2793,510051523.1101868,544.3873401096047
2066-12-31,ssp585,CESM2,ssp585 (CMIP6) - CESM2,404.66483,510051523.1101868,513.194326177779
2067-12-31,ssp585,CESM2,ssp585 (CMIP6) - CESM2,438.6625,510051523.1101868,560.0734666700757
2068-12-31,ssp585,CESM2,ssp585 (CMIP6) - CESM2,394.8761,510051523.1101868,506.12750904431545
2069-12-31,ssp585,CESM2,ssp585 (CMIP6) - CESM2,392.3771,510051523.1101868,508.0574708991533
2070-12-31,ssp585,CESM2,ssp585 (CMIP6) - CESM2,361.96082,510051523.1101868,461.1934494876156
2071-12-31,ssp585,CESM2,ssp585 (CMIP6) - CESM2,411.50354,510051523.1101868,517.8426493166312
2072-12-31,ssp585,CESM2,ssp585 (CMIP6) - CESM2,428.2575,510051523.1101868,547.0733132299575
2073-12-31,ssp585,CESM2,ssp585 (CMIP6) - CESM2,417.23462,510051523.1101868,534.3693696021012
2074-12-31,ssp585,CESM2,ssp585 (CMIP6) - CESM2,436.53912,510051523.1101868,552.6378230568735
2075-12-31,ssp585,CESM2,ssp585 (CMIP6) - CESM2,404.52417,510051523.1101868,518.3078368678308
2076-12-31,ssp585,CESM2,ssp585 (CMIP6) - CESM2,456.72202,510051523.1101868,580.5000554037565
2077-12-31,ssp585,CESM2,ssp585 (CMIP6) - CESM2,487.2112,510051523.1101868,623.6733863749059
2078-12-31,ssp585,CESM2,ssp585 (CMIP6) - CESM2,417.3838,510051523.1101868,525.692050219757
2079-12-31,ssp585,CESM2,ssp585 (CMIP6) - CESM2,449.97995,510051523.1101868,580.4504098432509
2080-12-31,ssp585,CESM2,ssp585 (CMIP6) - CESM2,455.92838,510051523.1101868,581.3278122682437
2081-12-31,ssp585,CESM2,ssp585 (CMIP6) - CESM2,472.56314,510051523.1101868,608.3289427841473
2082-12-31,ssp585,CESM2,ssp585 (CMIP6) - CESM2,453.2038,510051523.1101868,570.154103578131
2083-12-31,ssp585,CESM2,ssp585 (CMIP6) - CESM2,413.99857,510051523.1101868,528.2236552355888
2084-12-31,ssp585,CESM2,ssp585 (CMIP6) - CESM2,436.1111,510051523.1101868,560.6579555438823
2085-12-31,ssp585,CESM2,ssp585 (CMIP6) - CESM2,514.07684,510051523.1101868,665.8235328562392
2086-12-31,ssp585,CESM2,ssp585 (CMIP6) - CESM2,414.0156,510051523.1101868,521.6366549237681
2087-12-31,ssp585,CESM2,ssp585 (CMIP6) - CESM2,498.45914,510051523.1101868,631.2472941403618
2088-12-31,ssp585,CESM2,ssp585 (CMIP6) - CESM2,441.03094,510051523.1101868,556.0839490885655
2089-12-31,ssp585,CESM2,ssp585 (CMIP6) - CESM2,414.085,510051523.1101868,524.7525289209698
2090-12-31,ssp585,CESM2,ssp585 (CMIP6) - CESM2,505.25525,510051523.1101868,646.1331137022809
2091-12-31,ssp585,CESM2,ssp585 (CMIP6) - CESM2,484.87234,510051523.1101868,615.1718464107183
2092-12-31,ssp585,CESM2,ssp585 (CMIP6) - CESM2,501.64346,510051523.1101868,632.2311253780802
2093-12-31,ssp585,CESM2,ssp585 (CMIP6) - CESM2,522.3096,510051523.1101868,654.4841789428046
2094-12-31,ssp585,CESM2,ssp585 (CMIP6) - CESM2,615.1648,510051523.1101868,784.7210000824305
2095-12-31,ssp585,CESM2,ssp585 (CMIP6) - CESM2,441.7031,510051523.1101868,552.501831795328
2096-12-31,ssp585,CESM2,ssp585 (CMIP6) - CESM2,514.69324,510051523.1101868,651.0584422966999
2097-12-31,ssp585,CESM2,ssp585 (CMIP6) - CESM2,503.46323,510051523.1101868,617.367355684751
2098-12-31,ssp585,CESM2,ssp585 (CMIP6) - CESM2,488.81042,510051523.1101868,614.6119200001917
2099-12-31,ssp585,CESM2,ssp585 (CMIP6) - CESM2,527.29663,510051523.1101868,662.7427144612468
2100-12-31,ssp585,CESM2,ssp585 (CMIP6) - CESM2,497.54556,510051523.1101868,629.8541089270204
2015-12-31,ssp585,CESM2-WACCM,ssp585 (CMIP6) - CESM2-WACCM,360.87842,510051523.1101868,482.09142441693564
2016-12-31,ssp585,CESM2-WACCM,ssp585 (CMIP6) - CESM2-WACCM,381.4279,510051523.1101868,509.1718070484704
2017-12-31,ssp585,CESM2-WACCM,ssp585 (CMIP6) - CESM2-WACCM,332.89304,510051523.1101868,444.6064438932694
2018-12-31,ssp585,CESM2-WACCM,ssp585 (CMIP6) - CESM2-WACCM,362.35956,510051523.1101868,480.1818316740907
2019-12-31,ssp585,CESM2-WACCM,ssp585 (CMIP6) - CESM2-WACCM,348.45343,510051523.1101868,465.20283379771746
2020-12-31,ssp585,CESM2-WACCM,ssp585 (CMIP6) - CESM2-WACCM,390.12457,510051523.1101868,520.5508567686367
2021-12-31,ssp585,CESM2-WACCM,ssp585 (CMIP6) - CESM2-WACCM,365.8715,510051523.1101868,491.61659015992876
2022-12-31,ssp585,CESM2-WACCM,ssp585 (CMIP6) - CESM2-WACCM,355.4236,510051523.1101868,471.7107617890486
2023-12-31,ssp585,CESM2-WACCM,ssp585 (CMIP6) - CESM2-WACCM,345.06573,510051523.1101868,457.0051711390989
2024-12-31,ssp585,CESM2-WACCM,ssp585 (CMIP6) - CESM2-WACCM,379.49533,510051523.1101868,508.2256144487124
2025-12-31,ssp585,CESM2-WACCM,ssp585 (CMIP6) - CESM2-WACCM,375.70282,510051523.1101868,494.6201433675791
2026-12-31,ssp585,CESM2-WACCM,ssp585 (CMIP6) - CESM2-WACCM,449.1193,510051523.1101868,602.3075995209589
2027-12-31,ssp585,CESM2-WACCM,ssp585 (CMIP6) - CESM2-WACCM,372.87357,510051523.1101868,491.9141722267658
2028-12-31,ssp585,CESM2-WACCM,ssp585 (CMIP6) - CESM2-WACCM,434.34317,510051523.1101868,580.7264390750677
2029-12-31,ssp585,CESM2-WACCM,ssp585 (CMIP6) - CESM2-WACCM,336.2342,510051523.1101868,444.53340647548777
2030-12-31,ssp585,CESM2-WACCM,ssp585 (CMIP6) - CESM2-WACCM,382.52408,510051523.1101868,511.6500376326004
2031-12-31,ssp585,CESM2-WACCM,ssp585 (CMIP6) - CESM2-WACCM,384.81052,510051523.1101868,509.7264257459793
2032-12-31,ssp585,CESM2-WACCM,ssp585 (CMIP6) - CESM2-WACCM,390.89594,510051523.1101868,512.8931628883217
2033-12-31,ssp585,CESM2-WACCM,ssp585 (CMIP6) - CESM2-WACCM,388.34833,510051523.1101868,511.2643294297045
2034-12-31,ssp585,CESM2-WACCM,ssp585 (CMIP6) - CESM2-WACCM,385.4744,510051523.1101868,509.48116027364483
2035-12-31,ssp585,CESM2-WACCM,ssp585 (CMIP6) - CESM2-WACCM,346.43634,510051523.1101868,447.51059158276786
2036-12-31,ssp585,CESM2-WACCM,ssp585 (CMIP6) - CESM2-WACCM,349.1363,510051523.1101868,463.7245170561231
2037-12-31,ssp585,CESM2-WACCM,ssp585 (CMIP6) - CESM2-WACCM,418.26917,510051523.1101868,557.6557273809383
2038-12-31,ssp585,CESM2-WACCM,ssp585 (CMIP6) - CESM2-WACCM,378.5484,510051523.1101868,498.68148969152037
2039-12-31,ssp585,CESM2-WACCM,ssp585 (CMIP6) - CESM2-WACCM,419.61072,510051523.1101868,546.7563553084937
2040-12-31,ssp585,CESM2-WACCM,ssp585 (CMIP6) - CESM2-WACCM,401.11386,510051523.1101868,520.498284925783
2041-12-31,ssp585,CESM2-WACCM,ssp585 (CMIP6) - CESM2-WACCM,305.53738,510051523.1101868,401.9173553027667
2042-12-31,ssp585,CESM2-WACCM,ssp585 (CMIP6) - CESM2-WACCM,345.6252,510051523.1101868,454.39130469557955
2043-12-31,ssp585,CESM2-WACCM,ssp585 (CMIP6) - CESM2-WACCM,384.1972,510051523.1101868,500.86347274835805
2044-12-31,ssp585,CESM2-WACCM,ssp585 (CMIP6) - CESM2-WACCM,379.7127,510051523.1101868,492.88832683837836
2045-12-31,ssp585,CESM2-WACCM,ssp585 (CMIP6) - CESM2-WACCM,411.28592,510051523.1101868,539.2984627114658
2046-12-31,ssp585,CESM2-WACCM,ssp585 (CMIP6) - CESM2-WACCM,371.46545,510051523.1101868,484.3339628286633
2047-12-31,ssp585,CESM2-WACCM,ssp585 (CMIP6) - CESM2-WACCM,416.50827,510051523.1101868,531.5799628924865
2048-12-31,ssp585,CESM2-WACCM,ssp585 (CMIP6) - CESM2-WACCM,371.87515,510051523.1101868,492.9294951678987
2049-12-31,ssp585,CESM2-WACCM,ssp585 (CMIP6) - CESM2-WACCM,360.5719,510051523.1101868,476.6835347600071
2050-12-31,ssp585,CESM2-WACCM,ssp585 (CMIP6) - CESM2-WACCM,444.45163,510051523.1101868,587.668076238199
2051-12-31,ssp585,CESM2-WACCM,ssp585 (CMIP6) - CESM2-WACCM,408.76926,510051523.1101868,531.0353041818618
2052-12-31,ssp585,CESM2-WACCM,ssp585 (CMIP6) - CESM2-WACCM,442.37012,510051523.1101868,571.5936754373603
2053-12-31,ssp585,CESM2-WACCM,ssp585 (CMIP6) - CESM2-WACCM,310.69897,510051523.1101868,406.60038143246504
2054-12-31,ssp585,CESM2-WACCM,ssp585 (CMIP6) - CESM2-WACCM,375.73264,510051523.1101868,490.81963464644446
2055-12-31,ssp585,CESM2-WACCM,ssp585 (CMIP6) - CESM2-WACCM,428.965,510051523.1101868,556.6061573786039
2056-12-31,ssp585,CESM2-WACCM,ssp585 (CMIP6) - CESM2-WACCM,441.13635,510051523.1101868,574.6795238516017
2057-12-31,ssp585,CESM2-WACCM,ssp585 (CMIP6) - CESM2-WACCM,364.03867,510051523.1101868,473.0768987090811
2058-12-31,ssp585,CESM2-WACCM,ssp585 (CMIP6) - CESM2-WACCM,435.82208,510051523.1101868,558.8464063345253
2059-12-31,ssp585,CESM2-WACCM,ssp585 (CMIP6) - CESM2-WACCM,372.096,510051523.1101868,488.6955364725184
2060-12-31,ssp585,CESM2-WACCM,ssp585 (CMIP6) - CESM2-WACCM,377.3555,510051523.1101868,489.934490845475
2061-12-31,ssp585,CESM2-WACCM,ssp585 (CMIP6) - CESM2-WACCM,449.48526,510051523.1101868,587.9885941440455
2062-12-31,ssp585,CESM2-WACCM,ssp585 (CMIP6) - CESM2-WACCM,381.76294,510051523.1101868,492.0023535792112
2063-12-31,ssp585,CESM2-WACCM,ssp585 (CMIP6) - CESM2-WACCM,400.89926,510051523.1101868,522.9754709167822
2064-12-31,ssp585,CESM2-WACCM,ssp585 (CMIP6) - CESM2-WACCM,421.7601,510051523.1101868,542.2309557206847
2065-12-31,ssp585,CESM2-WACCM,ssp585 (CMIP6) - CESM2-WACCM,385.69525,510051523.1101868,497.1243237373313
2066-12-31,ssp585,CESM2-WACCM,ssp585 (CMIP6) - CESM2-WACCM,399.94058,510051523.1101868,516.4622256543402
2067-12-31,ssp585,CESM2-WACCM,ssp585 (CMIP6) - CESM2-WACCM,430.44623,510051523.1101868,551.1399890017469
2068-12-31,ssp585,CESM2-WACCM,ssp585 (CMIP6) - CESM2-WACCM,371.42004,510051523.1101868,476.53347319718966
2069-12-31,ssp585,CESM2-WACCM,ssp585 (CMIP6) - CESM2-WACCM,465.62253,510051523.1101868,598.772133716927
2070-12-31,ssp585,CESM2-WACCM,ssp585 (CMIP6) - CESM2-WACCM,440.69855,510051523.1101868,575.4939748756776
2071-12-31,ssp585,CESM2-WACCM,ssp585 (CMIP6) - CESM2-WACCM,434.6901,510051523.1101868,551.6808561476831
2072-12-31,ssp585,CESM2-WACCM,ssp585 (CMIP6) - CESM2-WACCM,457.58163,510051523.1101868,592.5328664956709
2073-12-31,ssp585,CESM2-WACCM,ssp585 (CMIP6) - CESM2-WACCM,407.84723,510051523.1101868,531.4928371451857
2074-12-31,ssp585,CESM2-WACCM,ssp585 (CMIP6) - CESM2-WACCM,416.80872,510051523.1101868,539.6934129624046
2075-12-31,ssp585,CESM2-WACCM,ssp585 (CMIP6) - CESM2-WACCM,445.24463,510051523.1101868,571.4274546321476
2076-12-31,ssp585,CESM2-WACCM,ssp585 (CMIP6) - CESM2-WACCM,492.49405,510051523.1101868,627.3369853663945
2077-12-31,ssp585,CESM2-WACCM,ssp585 (CMIP6) - CESM2-WACCM,453.0598,510051523.1101868,585.6887863819757
2078-12-31,ssp585,CESM2-WACCM,ssp585 (CMIP6) - CESM2-WACCM,448.25595,510051523.1101868,578.6876756457275
2079-12-31,ssp585,CESM2-WACCM,ssp585 (CMIP6) - CESM2-WACCM,368.59128,510051523.1101868,467.8357220740278
2080-12-31,ssp585,CESM2-WACCM,ssp585 (CMIP6) - CESM2-WACCM,410.85806,510051523.1101868,524.7399895929893
2081-12-31,ssp585,CESM2-WACCM,ssp585 (CMIP6) - CESM2-WACCM,412.13416,510051523.1101868,522.3533348076055
2082-12-31,ssp585,CESM2-WACCM,ssp585 (CMIP6) - CESM2-WACCM,474.82898,510051523.1101868,600.5746081895194
2083-12-31,ssp585,CESM2-WACCM,ssp585 (CMIP6) - CESM2-WACCM,411.28894,510051523.1101868,521.941806125737
2084-12-31,ssp585,CESM2-WACCM,ssp585 (CMIP6) - CESM2-WACCM,460.64322,510051523.1101868,591.9968719288622
2085-12-31,ssp585,CESM2-WACCM,ssp585 (CMIP6) - CESM2-WACCM,458.52005,510051523.1101868,580.1271034957443
2086-12-31,ssp585,CESM2-WACCM,ssp585 (CMIP6) - CESM2-WACCM,477.05026,510051523.1101868,603.7226332318855
2087-12-31,ssp585,CESM2-WACCM,ssp585 (CMIP6) - CESM2-WACCM,421.6235,510051523.1101868,545.4483475659296
2088-12-31,ssp585,CESM2-WACCM,ssp585 (CMIP6) - CESM2-WACCM,499.3709,510051523.1101868,643.8827826235104
2089-12-31,ssp585,CESM2-WACCM,ssp585 (CMIP6) - CESM2-WACCM,454.70468,510051523.1101868,580.6337108048165
2090-12-31,ssp585,CESM2-WACCM,ssp585 (CMIP6) - CESM2-WACCM,525.4216,510051523.1101868,671.5588128384494
2091-12-31,ssp585,CESM2-WACCM,ssp585 (CMIP6) - CESM2-WACCM,447.5639,510051523.1101868,572.3616427141689
2092-12-31,ssp585,CESM2-WACCM,ssp585 (CMIP6) - CESM2-WACCM,481.35013,510051523.1101868,617.9141725623331
2093-12-31,ssp585,CESM2-WACCM,ssp585 (CMIP6) - CESM2-WACCM,491.45554,510051523.1101868,628.4164436355011
2094-12-31,ssp585,CESM2-WACCM,ssp585 (CMIP6) - CESM2-WACCM,533.3943,510051523.1101868,671.4073120495765
2095-12-31,ssp585,CESM2-WACCM,ssp585 (CMIP6) - CESM2-WACCM,487.71027,510051523.1101868,630.2730047552543
2096-12-31,ssp585,CESM2-WACCM,ssp585 (CMIP6) - CESM2-WACCM,522.86365,510051523.1101868,661.9815276446005
2097-12-31,ssp585,CESM2-WACCM,ssp585 (CMIP6) - CESM2-WACCM,454.62057,510051523.1101868,578.034002050507
2098-12-31,ssp585,CESM2-WACCM,ssp585 (CMIP6) - CESM2-WACCM,454.1801,510051523.1101868,574.8138825899023
2099-12-31,ssp585,CESM2-WACCM,ssp585 (CMIP6) - CESM2-WACCM,519.3659,510051523.1101868,658.6688878273977
2100-12-31,ssp585,CESM2-WACCM,ssp585 (CMIP6) - CESM2-WACCM,463.56143,510051523.1101868,586.2147035246281
2015-12-31,ssp585,CMCC-CM2-SR5,ssp585 (CMIP6) - CMCC-CM2-SR5,396.8353,510051523.1101868,521.4277293835845
2016-12-31,ssp585,CMCC-CM2-SR5,ssp585 (CMIP6) - CMCC-CM2-SR5,440.38748,510051523.1101868,561.4830383800416
2017-12-31,ssp585,CMCC-CM2-SR5,ssp585 (CMIP6) - CMCC-CM2-SR5,347.33047,510051523.1101868,439.3774917429586
2018-12-31,ssp585,CMCC-CM2-SR5,ssp585 (CMIP6) - CMCC-CM2-SR5,421.95215,510051523.1101868,519.3572057934823
2019-12-31,ssp585,CMCC-CM2-SR5,ssp585 (CMIP6) - CMCC-CM2-SR5,348.90286,510051523.1101868,448.9906524287685
2020-12-31,ssp585,CMCC-CM2-SR5,ssp585 (CMIP6) - CMCC-CM2-SR5,391.98004,510051523.1101868,498.03083231091443
2021-12-31,ssp585,CMCC-CM2-SR5,ssp585 (CMIP6) - CMCC-CM2-SR5,439.93683,510051523.1101868,540.308521920456
2022-12-31,ssp585,CMCC-CM2-SR5,ssp585 (CMIP6) - CMCC-CM2-SR5,399.2575,510051523.1101868,507.10005942905747
2023-12-31,ssp585,CMCC-CM2-SR5,ssp585 (CMIP6) - CMCC-CM2-SR5,480.78854,510051523.1101868,589.7259968319496
2024-12-31,ssp585,CMCC-CM2-SR5,ssp585 (CMIP6) - CMCC-CM2-SR5,362.11865,510051523.1101868,458.6323656749204
2025-12-31,ssp585,CMCC-CM2-SR5,ssp585 (CMIP6) - CMCC-CM2-SR5,406.0331,510051523.1101868,505.0085819424997
2026-12-31,ssp585,CMCC-CM2-SR5,ssp585 (CMIP6) - CMCC-CM2-SR5,391.58304,510051523.1101868,483.7938589599329
2027-12-31,ssp585,CMCC-CM2-SR5,ssp585 (CMIP6) - CMCC-CM2-SR5,354.53836,510051523.1101868,445.83103770270213
2028-12-31,ssp585,CMCC-CM2-SR5,ssp585 (CMIP6) - CMCC-CM2-SR5,467.75116,510051523.1101868,548.5375861812004
2029-12-31,ssp585,CMCC-CM2-SR5,ssp585 (CMIP6) - CMCC-CM2-SR5,443.45685,510051523.1101868,567.167552871167
2030-12-31,ssp585,CMCC-CM2-SR5,ssp585 (CMIP6) - CMCC-CM2-SR5,396.6864,510051523.1101868,497.8137762237954
2031-12-31,ssp585,CMCC-CM2-SR5,ssp585 (CMIP6) - CMCC-CM2-SR5,419.4619,510051523.1101868,514.0454828117072
2032-12-31,ssp585,CMCC-CM2-SR5,ssp585 (CMIP6) - CMCC-CM2-SR5,384.45673,510051523.1101868,468.73827299157716
2033-12-31,ssp585,CMCC-CM2-SR5,ssp585 (CMIP6) - CMCC-CM2-SR5,414.84653,510051523.1101868,508.3885253990294
2034-12-31,ssp585,CMCC-CM2-SR5,ssp585 (CMIP6) - CMCC-CM2-SR5,449.97348,510051523.1101868,529.2316826829084
2035-12-31,ssp585,CMCC-CM2-SR5,ssp585 (CMIP6) - CMCC-CM2-SR5,382.8098,510051523.1101868,486.3091797562022
2036-12-31,ssp585,CMCC-CM2-SR5,ssp585 (CMIP6) - CMCC-CM2-SR5,428.17633,510051523.1101868,540.6227327404509
2037-12-31,ssp585,CMCC-CM2-SR5,ssp585 (CMIP6) - CMCC-CM2-SR5,459.76846,510051523.1101868,564.9836212365868
2038-12-31,ssp585,CMCC-CM2-SR5,ssp585 (CMIP6) - CMCC-CM2-SR5,398.921,510051523.1101868,488.3546305559491
2039-12-31,ssp585,CMCC-CM2-SR5,ssp585 (CMIP6) - CMCC-CM2-SR5,434.74808,510051523.1101868,561.9227742456302
2040-12-31,ssp585,CMCC-CM2-SR5,ssp585 (CMIP6) - CMCC-CM2-SR5,482.68793,510051523.1101868,544.0589721191006
2041-12-31,ssp585,CMCC-CM2-SR5,ssp585 (CMIP6) - CMCC-CM2-SR5,488.72964,510051523.1101868,582.908237485839
2042-12-31,ssp585,CMCC-CM2-SR5,ssp585 (CMIP6) - CMCC-CM2-SR5,450.9032,510051523.1101868,563.6784959947648
2043-12-31,ssp585,CMCC-CM2-SR5,ssp585 (CMIP6) - CMCC-CM2-SR5,452.6329,510051523.1101868,542.0091519044526
2044-12-31,ssp585,CMCC-CM2-SR5,ssp585 (CMIP6) - CMCC-CM2-SR5,445.14447,510051523.1101868,540.8968997919551
2045-12-31,ssp585,CMCC-CM2-SR5,ssp585 (CMIP6) - CMCC-CM2-SR5,487.89294,510051523.1101868,558.1103604309706
2046-12-31,ssp585,CMCC-CM2-SR5,ssp585 (CMIP6) - CMCC-CM2-SR5,417.1746,510051523.1101868,504.2751563406477
2047-12-31,ssp585,CMCC-CM2-SR5,ssp585 (CMIP6) - CMCC-CM2-SR5,456.35434,510051523.1101868,568.2350389775751
2048-12-31,ssp585,CMCC-CM2-SR5,ssp585 (CMIP6) - CMCC-CM2-SR5,607.60254,510051523.1101868,681.6111981140102
2049-12-31,ssp585,CMCC-CM2-SR5,ssp585 (CMIP6) - CMCC-CM2-SR5,424.23376,510051523.1101868,518.5631952566113
2050-12-31,ssp585,CMCC-CM2-SR5,ssp585 (CMIP6) - CMCC-CM2-SR5,530.7954,510051523.1101868,655.9833849585425
2051-12-31,ssp585,CMCC-CM2-SR5,ssp585 (CMIP6) - CMCC-CM2-SR5,543.8422,510051523.1101868,601.7859086901007
2052-12-31,ssp585,CMCC-CM2-SR5,ssp585 (CMIP6) - CMCC-CM2-SR5,458.78082,510051523.1101868,573.4842940078472
2053-12-31,ssp585,CMCC-CM2-SR5,ssp585 (CMIP6) - CMCC-CM2-SR5,413.80496,510051523.1101868,507.2569269825569
2054-12-31,ssp585,CMCC-CM2-SR5,ssp585 (CMIP6) - CMCC-CM2-SR5,533.39966,510051523.1101868,635.7063850178064
2055-12-31,ssp585,CMCC-CM2-SR5,ssp585 (CMIP6) - CMCC-CM2-SR5,449.58133,510051523.1101868,573.9542967380631
2056-12-31,ssp585,CMCC-CM2-SR5,ssp585 (CMIP6) - CMCC-CM2-SR5,479.78018,510051523.1101868,599.30695246386
2057-12-31,ssp585,CMCC-CM2-SR5,ssp585 (CMIP6) - CMCC-CM2-SR5,485.14044,510051523.1101868,578.2447704723882
2058-12-31,ssp585,CMCC-CM2-SR5,ssp585 (CMIP6) - CMCC-CM2-SR5,566.21967,510051523.1101868,647.3782631677898
2059-12-31,ssp585,CMCC-CM2-SR5,ssp585 (CMIP6) - CMCC-CM2-SR5,505.09927,510051523.1101868,576.3485078314519
2060-12-31,ssp585,CMCC-CM2-SR5,ssp585 (CMIP6) - CMCC-CM2-SR5,669.48224,510051523.1101868,743.7333888860181
2061-12-31,ssp585,CMCC-CM2-SR5,ssp585 (CMIP6) - CMCC-CM2-SR5,556.4815,510051523.1101868,655.1898417650134
2062-12-31,ssp585,CMCC-CM2-SR5,ssp585 (CMIP6) - CMCC-CM2-SR5,442.39316,510051523.1101868,564.3220371899704
2063-12-31,ssp585,CMCC-CM2-SR5,ssp585 (CMIP6) - CMCC-CM2-SR5,559.1013,510051523.1101868,665.3803809291733
2064-12-31,ssp585,CMCC-CM2-SR5,ssp585 (CMIP6) - CMCC-CM2-SR5,475.4205,510051523.1101868,583.4775069316535
2065-12-31,ssp585,CMCC-CM2-SR5,ssp585 (CMIP6) - CMCC-CM2-SR5,672.66113,510051523.1101868,744.4270059087041
2066-12-31,ssp585,CMCC-CM2-SR5,ssp585 (CMIP6) - CMCC-CM2-SR5,557.53326,510051523.1101868,661.7486620603818
2067-12-31,ssp585,CMCC-CM2-SR5,ssp585 (CMIP6) - CMCC-CM2-SR5,742.69354,510051523.1101868,857.6347480804553
2068-12-31,ssp585,CMCC-CM2-SR5,ssp585 (CMIP6) - CMCC-CM2-SR5,535.4709,510051523.1101868,636.0167320014788
2069-12-31,ssp585,CMCC-CM2-SR5,ssp585 (CMIP6) - CMCC-CM2-SR5,599.6972,510051523.1101868,699.690842998769
2070-12-31,ssp585,CMCC-CM2-SR5,ssp585 (CMIP6) - CMCC-CM2-SR5,458.09094,510051523.1101868,565.4757888021884
2071-12-31,ssp585,CMCC-CM2-SR5,ssp585 (CMIP6) - CMCC-CM2-SR5,672.1966,510051523.1101868,771.4984989114647
2072-12-31,ssp585,CMCC-CM2-SR5,ssp585 (CMIP6) - CMCC-CM2-SR5,610.8512,510051523.1101868,733.9015436152846
2073-12-31,ssp585,CMCC-CM2-SR5,ssp585 (CMIP6) - CMCC-CM2-SR5,608.5699,510051523.1101868,690.043430985425
2074-12-31,ssp585,CMCC-CM2-SR5,ssp585 (CMIP6) - CMCC-CM2-SR5,538.19763,510051523.1101868,665.8734973055576
2075-12-31,ssp585,CMCC-CM2-SR5,ssp585 (CMIP6) - CMCC-CM2-SR5,508.55817,510051523.1101868,621.5608100216436
2076-12-31,ssp585,CMCC-CM2-SR5,ssp585 (CMIP6) - CMCC-CM2-SR5,583.1385,510051523.1101868,698.2010979571464
2077-12-31,ssp585,CMCC-CM2-SR5,ssp585 (CMIP6) - CMCC-CM2-SR5,539.85205,510051523.1101868,658.4691943219261
2078-12-31,ssp585,CMCC-CM2-SR5,ssp585 (CMIP6) - CMCC-CM2-SR5,572.3174,510051523.1101868,712.1126196826293
2079-12-31,ssp585,CMCC-CM2-SR5,ssp585 (CMIP6) - CMCC-CM2-SR5,684.9101,510051523.1101868,779.5593299338683
2080-12-31,ssp585,CMCC-CM2-SR5,ssp585 (CMIP6) - CMCC-CM2-SR5,549.14417,510051523.1101868,669.783722460279
2081-12-31,ssp585,CMCC-CM2-SR5,ssp585 (CMIP6) - CMCC-CM2-SR5,656.13165,510051523.1101868,766.8104308858376
2082-12-31,ssp585,CMCC-CM2-SR5,ssp585 (CMIP6) - CMCC-CM2-SR5,609.8339,510051523.1101868,715.5885340027758
2083-12-31,ssp585,CMCC-CM2-SR5,ssp585 (CMIP6) - CMCC-CM2-SR5,687.05164,510051523.1101868,825.8829611617593
2084-12-31,ssp585,CMCC-CM2-SR5,ssp585 (CMIP6) - CMCC-CM2-SR5,661.1055,510051523.1101868,775.5689593642736
2085-12-31,ssp585,CMCC-CM2-SR5,ssp585 (CMIP6) - CMCC-CM2-SR5,592.17163,510051523.1101868,695.1488989580685
2086-12-31,ssp585,CMCC-CM2-SR5,ssp585 (CMIP6) - CMCC-CM2-SR5,605.40643,510051523.1101868,723.9170831527665
2087-12-31,ssp585,CMCC-CM2-SR5,ssp585 (CMIP6) - CMCC-CM2-SR5,718.24457,510051523.1101868,829.2768109853315
2088-12-31,ssp585,CMCC-CM2-SR5,ssp585 (CMIP6) - CMCC-CM2-SR5,814.5661,510051523.1101868,937.0416753685321
2089-12-31,ssp585,CMCC-CM2-SR5,ssp585 (CMIP6) - CMCC-CM2-SR5,738.05225,510051523.1101868,877.8158967418144
2090-12-31,ssp585,CMCC-CM2-SR5,ssp585 (CMIP6) - CMCC-CM2-SR5,608.1267,510051523.1101868,725.7597377649464
2091-12-31,ssp585,CMCC-CM2-SR5,ssp585 (CMIP6) - CMCC-CM2-SR5,744.8603,510051523.1101868,838.6549397945233
2092-12-31,ssp585,CMCC-CM2-SR5,ssp585 (CMIP6) - CMCC-CM2-SR5,810.0013,510051523.1101868,915.841414828374
2093-12-31,ssp585,CMCC-CM2-SR5,ssp585 (CMIP6) - CMCC-CM2-SR5,670.3833,510051523.1101868,777.3922794110963
2094-12-31,ssp585,CMCC-CM2-SR5,ssp585 (CMIP6) - CMCC-CM2-SR5,809.71014,510051523.1101868,907.3989136741513
2095-12-31,ssp585,CMCC-CM2-SR5,ssp585 (CMIP6) - CMCC-CM2-SR5,629.19257,510051523.1101868,762.2864872979846
2096-12-31,ssp585,CMCC-CM2-SR5,ssp585 (CMIP6) - CMCC-CM2-SR5,678.65485,510051523.1101868,805.715096646567
2097-12-31,ssp585,CMCC-CM2-SR5,ssp585 (CMIP6) - CMCC-CM2-SR5,665.057,510051523.1101868,805.8670260843523
2098-12-31,ssp585,CMCC-CM2-SR5,ssp585 (CMIP6) - CMCC-CM2-SR5,661.7257,510051523.1101868,792.1725778138173
2099-12-31,ssp585,CMCC-CM2-SR5,ssp585 (CMIP6) - CMCC-CM2-SR5,827.12115,510051523.1101868,926.2611670693357
2100-12-31,ssp585,CMCC-CM2-SR5,ssp585 (CMIP6) - CMCC-CM2-SR5,668.29895,510051523.1101868,808.4873017888647
2015-12-31,ssp585,EC-Earth3-CC,ssp585 (CMIP6) - EC-Earth3-CC,266.35837,505792698.2157188,146.28826270703
2016-12-31,ssp585,EC-Earth3-CC,ssp585 (CMIP6) - EC-Earth3-CC,318.82822,505792698.2157188,176.6938519249202
2017-12-31,ssp585,EC-Earth3-CC,ssp585 (CMIP6) - EC-Earth3-CC,355.9888,505792698.2157188,195.97833336514665
2018-12-31,ssp585,EC-Earth3-CC,ssp585 (CMIP6) - EC-Earth3-CC,390.63187,505792698.2157188,213.4242807821404
2019-12-31,ssp585,EC-Earth3-CC,ssp585 (CMIP6) - EC-Earth3-CC,293.45895,505792698.2157188,162.51414400834696
2020-12-31,ssp585,EC-Earth3-CC,ssp585 (CMIP6) - EC-Earth3-CC,360.61975,505792698.2157188,198.4244287006236
2021-12-31,ssp585,EC-Earth3-CC,ssp585 (CMIP6) - EC-Earth3-CC,326.13016,505792698.2157188,179.04688005430165
2022-12-31,ssp585,EC-Earth3-CC,ssp585 (CMIP6) - EC-Earth3-CC,306.11066,505792698.2157188,167.60771930547696
2023-12-31,ssp585,EC-Earth3-CC,ssp585 (CMIP6) - EC-Earth3-CC,336.8916,505792698.2157188,184.51322298400106
2024-12-31,ssp585,EC-Earth3-CC,ssp585 (CMIP6) - EC-Earth3-CC,300.30215,505792698.2157188,163.81073995102722
2025-12-31,ssp585,EC-Earth3-CC,ssp585 (CMIP6) - EC-Earth3-CC,364.3413,505792698.2157188,200.74273708191123
2026-12-31,ssp585,EC-Earth3-CC,ssp585 (CMIP6) - EC-Earth3-CC,326.48877,505792698.2157188,178.22681597013147
2027-12-31,ssp585,EC-Earth3-CC,ssp585 (CMIP6) - EC-Earth3-CC,246.10548,505792698.2157188,133.9531954896535
2028-12-31,ssp585,EC-Earth3-CC,ssp585 (CMIP6) - EC-Earth3-CC,347.83704,505792698.2157188,190.9949781124054
2029-12-31,ssp585,EC-Earth3-CC,ssp585 (CMIP6) - EC-Earth3-CC,373.26926,505792698.2157188,203.8999588676784
2030-12-31,ssp585,EC-Earth3-CC,ssp585 (CMIP6) - EC-Earth3-CC,243.29492,505792698.2157188,133.2690697381564
2031-12-31,ssp585,EC-Earth3-CC,ssp585 (CMIP6) - EC-Earth3-CC,246.3212,505792698.2157188,135.2705568340867
2032-12-31,ssp585,EC-Earth3-CC,ssp585 (CMIP6) - EC-Earth3-CC,411.8064,505792698.2157188,224.34651168739578
2033-12-31,ssp585,EC-Earth3-CC,ssp585 (CMIP6) - EC-Earth3-CC,388.5043,505792698.2157188,210.6223356417479
2034-12-31,ssp585,EC-Earth3-CC,ssp585 (CMIP6) - EC-Earth3-CC,263.87576,505792698.2157188,143.74874131364027
2035-12-31,ssp585,EC-Earth3-CC,ssp585 (CMIP6) - EC-Earth3-CC,304.21216,505792698.2157188,169.37894622471563
2036-12-31,ssp585,EC-Earth3-CC,ssp585 (CMIP6) - EC-Earth3-CC,293.8795,505792698.2157188,161.5959674825039
2037-12-31,ssp585,EC-Earth3-CC,ssp585 (CMIP6) - EC-Earth3-CC,390.28613,505792698.2157188,211.38433964991287
2038-12-31,ssp585,EC-Earth3-CC,ssp585 (CMIP6) - EC-Earth3-CC,325.09256,505792698.2157188,177.09144172130607
2039-12-31,ssp585,EC-Earth3-CC,ssp585 (CMIP6) - EC-Earth3-CC,304.75403,505792698.2157188,166.28982054719046
2040-12-31,ssp585,EC-Earth3-CC,ssp585 (CMIP6) - EC-Earth3-CC,332.58954,505792698.2157188,180.88059194023057
2041-12-31,ssp585,EC-Earth3-CC,ssp585 (CMIP6) - EC-Earth3-CC,313.17566,505792698.2157188,170.7217916704388
2042-12-31,ssp585,EC-Earth3-CC,ssp585 (CMIP6) - EC-Earth3-CC,348.98163,505792698.2157188,189.98027597657128
2043-12-31,ssp585,EC-Earth3-CC,ssp585 (CMIP6) - EC-Earth3-CC,293.39008,505792698.2157188,161.16782399194767
2044-12-31,ssp585,EC-Earth3-CC,ssp585 (CMIP6) - EC-Earth3-CC,282.85193,505792698.2157188,152.72233027353042
2045-12-31,ssp585,EC-Earth3-CC,ssp585 (CMIP6) - EC-Earth3-CC,457.15018,505792698.2157188,244.67855874145448
2046-12-31,ssp585,EC-Earth3-CC,ssp585 (CMIP6) - EC-Earth3-CC,276.62622,505792698.2157188,150.70277536977764
2047-12-31,ssp585,EC-Earth3-CC,ssp585 (CMIP6) - EC-Earth3-CC,354.22946,505792698.2157188,195.21874821761352
2048-12-31,ssp585,EC-Earth3-CC,ssp585 (CMIP6) - EC-Earth3-CC,352.04068,505792698.2157188,191.93122051485724
2049-12-31,ssp585,EC-Earth3-CC,ssp585 (CMIP6) - EC-Earth3-CC,380.95508,505792698.2157188,208.8420684130623
2050-12-31,ssp585,EC-Earth3-CC,ssp585 (CMIP6) - EC-Earth3-CC,421.77777,505792698.2157188,236.03745866117958
2051-12-31,ssp585,EC-Earth3-CC,ssp585 (CMIP6) - EC-Earth3-CC,306.4928,505792698.2157188,165.9797345304012
2052-12-31,ssp585,EC-Earth3-CC,ssp585 (CMIP6) - EC-Earth3-CC,309.98376,505792698.2157188,167.33026917948948
2053-12-31,ssp585,EC-Earth3-CC,ssp585 (CMIP6) - EC-Earth3-CC,237.05234,505792698.2157188,127.26313608726011
2054-12-31,ssp585,EC-Earth3-CC,ssp585 (CMIP6) - EC-Earth3-CC,382.56223,505792698.2157188,207.29675676503052
2055-12-31,ssp585,EC-Earth3-CC,ssp585 (CMIP6) - EC-Earth3-CC,396.8477,505792698.2157188,219.99495126059767
2056-12-31,ssp585,EC-Earth3-CC,ssp585 (CMIP6) - EC-Earth3-CC,397.6714,505792698.2157188,215.81748766072351
2057-12-31,ssp585,EC-Earth3-CC,ssp585 (CMIP6) - EC-Earth3-CC,285.58298,505792698.2157188,154.21322688047596
2058-12-31,ssp585,EC-Earth3-CC,ssp585 (CMIP6) - EC-Earth3-CC,323.7664,505792698.2157188,176.86881456212535
2059-12-31,ssp585,EC-Earth3-CC,ssp585 (CMIP6) - EC-Earth3-CC,348.42596,505792698.2157188,189.3078278522037
2060-12-31,ssp585,EC-Earth3-CC,ssp585 (CMIP6) - EC-Earth3-CC,263.06238,505792698.2157188,141.8297075406335
2061-12-31,ssp585,EC-Earth3-CC,ssp585 (CMIP6) - EC-Earth3-CC,367.37643,505792698.2157188,197.23166902228198
2062-12-31,ssp585,EC-Earth3-CC,ssp585 (CMIP6) - EC-Earth3-CC,383.98413,505792698.2157188,210.6120565778433
2063-12-31,ssp585,EC-Earth3-CC,ssp585 (CMIP6) - EC-Earth3-CC,326.20383,505792698.2157188,177.37205525031104
2064-12-31,ssp585,EC-Earth3-CC,ssp585 (CMIP6) - EC-Earth3-CC,288.46365,505792698.2157188,156.28826147423902
2065-12-31,ssp585,EC-Earth3-CC,ssp585 (CMIP6) - EC-Earth3-CC,437.4641,505792698.2157188,237.1177854003524
2066-12-31,ssp585,EC-Earth3-CC,ssp585 (CMIP6) - EC-Earth3-CC,263.73267,505792698.2157188,142.73083663960702
2067-12-31,ssp585,EC-Earth3-CC,ssp585 (CMIP6) - EC-Earth3-CC,557.7599,505792698.2157188,304.94300485216655
2068-12-31,ssp585,EC-Earth3-CC,ssp585 (CMIP6) - EC-Earth3-CC,313.53775,505792698.2157188,170.65935479796954
2069-12-31,ssp585,EC-Earth3-CC,ssp585 (CMIP6) - EC-Earth3-CC,438.5957,505792698.2157188,237.46828264573554
2070-12-31,ssp585,EC-Earth3-CC,ssp585 (CMIP6) - EC-Earth3-CC,299.1219,505792698.2157188,164.5854480910761
2071-12-31,ssp585,EC-Earth3-CC,ssp585 (CMIP6) - EC-Earth3-CC,396.82938,505792698.2157188,211.12726602517586
2072-12-31,ssp585,EC-Earth3-CC,ssp585 (CMIP6) - EC-Earth3-CC,410.93472,505792698.2157188,223.61625224877022
2073-12-31,ssp585,EC-Earth3-CC,ssp585 (CMIP6) - EC-Earth3-CC,399.779,505792698.2157188,218.5679036943187
2074-12-31,ssp585,EC-Earth3-CC,ssp585 (CMIP6) - EC-Earth3-CC,244.49228,505792698.2157188,129.9957728448182
2075-12-31,ssp585,EC-Earth3-CC,ssp585 (CMIP6) - EC-Earth3-CC,455.4398,505792698.2157188,243.54865276218692
2076-12-31,ssp585,EC-Earth3-CC,ssp585 (CMIP6) - EC-Earth3-CC,370.14227,505792698.2157188,202.82854890959302
2077-12-31,ssp585,EC-Earth3-CC,ssp585 (CMIP6) - EC-Earth3-CC,391.24982,505792698.2157188,213.24617538484046
2078-12-31,ssp585,EC-Earth3-CC,ssp585 (CMIP6) - EC-Earth3-CC,401.60254,505792698.2157188,215.78044261215476
2079-12-31,ssp585,EC-Earth3-CC,ssp585 (CMIP6) - EC-Earth3-CC,444.09314,505792698.2157188,235.83659100310965
2080-12-31,ssp585,EC-Earth3-CC,ssp585 (CMIP6) - EC-Earth3-CC,415.5432,505792698.2157188,226.74398082102203
2081-12-31,ssp585,EC-Earth3-CC,ssp585 (CMIP6) - EC-Earth3-CC,302.4035,505792698.2157188,166.69603390924954
2082-12-31,ssp585,EC-Earth3-CC,ssp585 (CMIP6) - EC-Earth3-CC,461.8396,505792698.2157188,252.6611683545463
2083-12-31,ssp585,EC-Earth3-CC,ssp585 (CMIP6) - EC-Earth3-CC,378.67114,505792698.2157188,204.63349770351937
2084-12-31,ssp585,EC-Earth3-CC,ssp585 (CMIP6) - EC-Earth3-CC,336.1745,505792698.2157188,181.31028123530018
2085-12-31,ssp585,EC-Earth3-CC,ssp585 (CMIP6) - EC-Earth3-CC,331.96643,505792698.2157188,180.0021028418131
2086-12-31,ssp585,EC-Earth3-CC,ssp585 (CMIP6) - EC-Earth3-CC,341.79562,505792698.2157188,183.0433764495058
2087-12-31,ssp585,EC-Earth3-CC,ssp585 (CMIP6) - EC-Earth3-CC,416.9868,505792698.2157188,226.47156411996104
2088-12-31,ssp585,EC-Earth3-CC,ssp585 (CMIP6) - EC-Earth3-CC,378.02402,505792698.2157188,205.7733739744871
2089-12-31,ssp585,EC-Earth3-CC,ssp585 (CMIP6) - EC-Earth3-CC,323.01245,505792698.2157188,173.7231671358136
2090-12-31,ssp585,EC-Earth3-CC,ssp585 (CMIP6) - EC-Earth3-CC,420.55774,505792698.2157188,226.16201988015135
2091-12-31,ssp585,EC-Earth3-CC,ssp585 (CMIP6) - EC-Earth3-CC,413.02188,505792698.2157188,225.03078092745338
2092-12-31,ssp585,EC-Earth3-CC,ssp585 (CMIP6) - EC-Earth3-CC,298.4624,505792698.2157188,163.65387978112722
2093-12-31,ssp585,EC-Earth3-CC,ssp585 (CMIP6) - EC-Earth3-CC,344.8983,505792698.2157188,185.70005459844703
2094-12-31,ssp585,EC-Earth3-CC,ssp585 (CMIP6) - EC-Earth3-CC,491.68646,505792698.2157188,262.84835286206226
2095-12-31,ssp585,EC-Earth3-CC,ssp585 (CMIP6) - EC-Earth3-CC,361.97284,505792698.2157188,194.31693339388283
2096-12-31,ssp585,EC-Earth3-CC,ssp585 (CMIP6) - EC-Earth3-CC,470.07574,505792698.2157188,254.93323068397632
2097-12-31,ssp585,EC-Earth3-CC,ssp585 (CMIP6) - EC-Earth3-CC,423.57266,505792698.2157188,229.8283154323945
2098-12-31,ssp585,EC-Earth3-CC,ssp585 (CMIP6) - EC-Earth3-CC,341.584,505792698.2157188,182.59735425336484
2099-12-31,ssp585,EC-Earth3-CC,ssp585 (CMIP6) - EC-Earth3-CC,292.2024,505792698.2157188,157.2433681224688
2100-12-31,ssp585,EC-Earth3-CC,ssp585 (CMIP6) - EC-Earth3-CC,477.52374,505792698.2157188,259.0559023986056
2015-12-31,ssp585,NorESM2-LM,ssp585 (CMIP6) - NorESM2-LM,74.40985,510017987.8256495,392.1126518262116
2016-12-31,ssp585,NorESM2-LM,ssp585 (CMIP6) - NorESM2-LM,77.44344,510017987.8256495,407.2842706597825
2017-12-31,ssp585,NorESM2-LM,ssp585 (CMIP6) - NorESM2-LM,77.84259,510017987.8256495,408.7212904232817
2018-12-31,ssp585,NorESM2-LM,ssp585 (CMIP6) - NorESM2-LM,72.744606,510017987.8256495,383.9801300108204
2019-12-31,ssp585,NorESM2-LM,ssp585 (CMIP6) - NorESM2-LM,87.63825,510017987.8256495,459.266782048807
2020-12-31,ssp585,NorESM2-LM,ssp585 (CMIP6) - NorESM2-LM,78.996056,510017987.8256495,420.0835654618318
2021-12-31,ssp585,NorESM2-LM,ssp585 (CMIP6) - NorESM2-LM,91.79065,510017987.8256495,486.3882776292564
2022-12-31,ssp585,NorESM2-LM,ssp585 (CMIP6) - NorESM2-LM,98.236534,510017987.8256495,526.8361915683481
2023-12-31,ssp585,NorESM2-LM,ssp585 (CMIP6) - NorESM2-LM,82.88933,510017987.8256495,442.1603854521341
2024-12-31,ssp585,NorESM2-LM,ssp585 (CMIP6) - NorESM2-LM,73.91928,510017987.8256495,395.11987713234413
2025-12-31,ssp585,NorESM2-LM,ssp585 (CMIP6) - NorESM2-LM,97.41091,510017987.8256495,519.7301722626474
2026-12-31,ssp585,NorESM2-LM,ssp585 (CMIP6) - NorESM2-LM,92.128105,510017987.8256495,490.7218807413672
2027-12-31,ssp585,NorESM2-LM,ssp585 (CMIP6) - NorESM2-LM,90.87025,510017987.8256495,487.038981447067
2028-12-31,ssp585,NorESM2-LM,ssp585 (CMIP6) - NorESM2-LM,83.46019,510017987.8256495,447.27248982343355
2029-12-31,ssp585,NorESM2-LM,ssp585 (CMIP6) - NorESM2-LM,99.26995,510017987.8256495,530.2029454680364
2030-12-31,ssp585,NorESM2-LM,ssp585 (CMIP6) - NorESM2-LM,84.747406,510017987.8256495,457.8825498855287
2031-12-31,ssp585,NorESM2-LM,ssp585 (CMIP6) - NorESM2-LM,78.391815,510017987.8256495,417.95823878403195
2032-12-31,ssp585,NorESM2-LM,ssp585 (CMIP6) - NorESM2-LM,83.92865,510017987.8256495,443.20373366340493
2033-12-31,ssp585,NorESM2-LM,ssp585 (CMIP6) - NorESM2-LM,72.68575,510017987.8256495,379.5431847673963
2034-12-31,ssp585,NorESM2-LM,ssp585 (CMIP6) - NorESM2-LM,80.79018,510017987.8256495,424.7269353610668
2035-12-31,ssp585,NorESM2-LM,ssp585 (CMIP6) - NorESM2-LM,89.215034,510017987.8256495,474.0953438326682
2036-12-31,ssp585,NorESM2-LM,ssp585 (CMIP6) - NorESM2-LM,86.55759,510017987.8256495,453.8425447433446
2037-12-31,ssp585,NorESM2-LM,ssp585 (CMIP6) - NorESM2-LM,81.64123,510017987.8256495,432.13235127623716
2038-12-31,ssp585,NorESM2-LM,ssp585 (CMIP6) - NorESM2-LM,85.69716,510017987.8256495,451.16597523409456
2039-12-31,ssp585,NorESM2-LM,ssp585 (CMIP6) - NorESM2-LM,89.90946,510017987.8256495,468.5311963369841
2040-12-31,ssp585,NorESM2-LM,ssp585 (CMIP6) - NorESM2-LM,95.40806,510017987.8256495,492.4668083629744
2041-12-31,ssp585,NorESM2-LM,ssp585 (CMIP6) - NorESM2-LM,75.66157,510017987.8256495,394.8525544605656
2042-12-31,ssp585,NorESM2-LM,ssp585 (CMIP6) - NorESM2-LM,88.52554,510017987.8256495,472.3950656724093
2043-12-31,ssp585,NorESM2-LM,ssp585 (CMIP6) - NorESM2-LM,81.66427,510017987.8256495,428.88386435499643
2044-12-31,ssp585,NorESM2-LM,ssp585 (CMIP6) - NorESM2-LM,73.86418,510017987.8256495,381.66831403510037
2045-12-31,ssp585,NorESM2-LM,ssp585 (CMIP6) - NorESM2-LM,78.18738,510017987.8256495,414.3426763399928
2046-12-31,ssp585,NorESM2-LM,ssp585 (CMIP6) - NorESM2-LM,90.95877,510017987.8256495,482.1396091536255
2047-12-31,ssp585,NorESM2-LM,ssp585 (CMIP6) - NorESM2-LM,89.2175,510017987.8256495,457.96914561744927
2048-12-31,ssp585,NorESM2-LM,ssp585 (CMIP6) - NorESM2-LM,79.05077,510017987.8256495,416.62862517806457
2049-12-31,ssp585,NorESM2-LM,ssp585 (CMIP6) - NorESM2-LM,76.55466,510017987.8256495,399.53158120077967
2050-12-31,ssp585,NorESM2-LM,ssp585 (CMIP6) - NorESM2-LM,91.02845,510017987.8256495,471.2897979051002
2051-12-31,ssp585,NorESM2-LM,ssp585 (CMIP6) - NorESM2-LM,83.8053,510017987.8256495,430.9866907127057
2052-12-31,ssp585,NorESM2-LM,ssp585 (CMIP6) - NorESM2-LM,73.55806,510017987.8256495,379.9453132979247
2053-12-31,ssp585,NorESM2-LM,ssp585 (CMIP6) - NorESM2-LM,83.22293,510017987.8256495,427.0019074078517
2054-12-31,ssp585,NorESM2-LM,ssp585 (CMIP6) - NorESM2-LM,86.20805,510017987.8256495,442.0731936010683
2055-12-31,ssp585,NorESM2-LM,ssp585 (CMIP6) - NorESM2-LM,87.55534,510017987.8256495,454.4853314156782
2056-12-31,ssp585,NorESM2-LM,ssp585 (CMIP6) - NorESM2-LM,90.31639,510017987.8256495,472.371786383177
2057-12-31,ssp585,NorESM2-LM,ssp585 (CMIP6) - NorESM2-LM,78.04747,510017987.8256495,407.04510558378865
2058-12-31,ssp585,NorESM2-LM,ssp585 (CMIP6) - NorESM2-LM,84.97134,510017987.8256495,446.67139679242325
2059-12-31,ssp585,NorESM2-LM,ssp585 (CMIP6) - NorESM2-LM,83.24848,510017987.8256495,426.40454870560035
2060-12-31,ssp585,NorESM2-LM,ssp585 (CMIP6) - NorESM2-LM,79.960014,510017987.8256495,415.31372571964965
2061-12-31,ssp585,NorESM2-LM,ssp585 (CMIP6) - NorESM2-LM,86.85803,510017987.8256495,446.3625973748961
2062-12-31,ssp585,NorESM2-LM,ssp585 (CMIP6) - NorESM2-LM,86.93694,510017987.8256495,447.8999712668618
2063-12-31,ssp585,NorESM2-LM,ssp585 (CMIP6) - NorESM2-LM,78.35022,510017987.8256495,407.8517137361458
2064-12-31,ssp585,NorESM2-LM,ssp585 (CMIP6) - NorESM2-LM,68.70184,510017987.8256495,354.8878279966786
2065-12-31,ssp585,NorESM2-LM,ssp585 (CMIP6) - NorESM2-LM,81.3946,510017987.8256495,412.3986655187455
2066-12-31,ssp585,NorESM2-LM,ssp585 (CMIP6) - NorESM2-LM,77.29977,510017987.8256495,399.41246741162763
2067-12-31,ssp585,NorESM2-LM,ssp585 (CMIP6) - NorESM2-LM,92.97239,510017987.8256495,487.42477500673334
2068-12-31,ssp585,NorESM2-LM,ssp585 (CMIP6) - NorESM2-LM,79.563385,510017987.8256495,407.92186141997746
2069-12-31,ssp585,NorESM2-LM,ssp585 (CMIP6) - NorESM2-LM,94.46131,510017987.8256495,474.26122939530796
2070-12-31,ssp585,NorESM2-LM,ssp585 (CMIP6) - NorESM2-LM,92.23996,510017987.8256495,472.62021307267247
2071-12-31,ssp585,NorESM2-LM,ssp585 (CMIP6) - NorESM2-LM,85.601204,510017987.8256495,443.70486442627845
2072-12-31,ssp585,NorESM2-LM,ssp585 (CMIP6) - NorESM2-LM,88.5587,510017987.8256495,455.94857553962197
2073-12-31,ssp585,NorESM2-LM,ssp585 (CMIP6) - NorESM2-LM,90.4567,510017987.8256495,465.87794143081203
2074-12-31,ssp585,NorESM2-LM,ssp585 (CMIP6) - NorESM2-LM,107.54807,510017987.8256495,552.7459905604443
2075-12-31,ssp585,NorESM2-LM,ssp585 (CMIP6) - NorESM2-LM,87.82231,510017987.8256495,446.9935121917123
2076-12-31,ssp585,NorESM2-LM,ssp585 (CMIP6) - NorESM2-LM,95.32446,510017987.8256495,490.6709107548663
2077-12-31,ssp585,NorESM2-LM,ssp585 (CMIP6) - NorESM2-LM,94.95971,510017987.8256495,491.3983475020557
2078-12-31,ssp585,NorESM2-LM,ssp585 (CMIP6) - NorESM2-LM,88.65128,510017987.8256495,450.4629995915529
2079-12-31,ssp585,NorESM2-LM,ssp585 (CMIP6) - NorESM2-LM,88.52557,510017987.8256495,445.2484754216385
2080-12-31,ssp585,NorESM2-LM,ssp585 (CMIP6) - NorESM2-LM,96.9628,510017987.8256495,500.1989889272195
2081-12-31,ssp585,NorESM2-LM,ssp585 (CMIP6) - NorESM2-LM,81.77008,510017987.8256495,422.1394777108702
2082-12-31,ssp585,NorESM2-LM,ssp585 (CMIP6) - NorESM2-LM,102.552574,510017987.8256495,520.4134812623998
2083-12-31,ssp585,NorESM2-LM,ssp585 (CMIP6) - NorESM2-LM,91.12228,510017987.8256495,458.01953357555755
2084-12-31,ssp585,NorESM2-LM,ssp585 (CMIP6) - NorESM2-LM,96.75265,510017987.8256495,489.7583006790922
2085-12-31,ssp585,NorESM2-LM,ssp585 (CMIP6) - NorESM2-LM,90.29168,510017987.8256495,462.79313771643234
2086-12-31,ssp585,NorESM2-LM,ssp585 (CMIP6) - NorESM2-LM,91.47746,510017987.8256495,472.0940718124386
2087-12-31,ssp585,NorESM2-LM,ssp585 (CMIP6) - NorESM2-LM,99.45692,510017987.8256495,506.4993202069062
2088-12-31,ssp585,NorESM2-LM,ssp585 (CMIP6) - NorESM2-LM,109.41523,510017987.8256495,565.2714716109252
2089-12-31,ssp585,NorESM2-LM,ssp585 (CMIP6) - NorESM2-LM,95.443535,510017987.8256495,484.7889556986254
2090-12-31,ssp585,NorESM2-LM,ssp585 (CMIP6) - NorESM2-LM,93.666275,510017987.8256495,480.40192112383914
2091-12-31,ssp585,NorESM2-LM,ssp585 (CMIP6) - NorESM2-LM,106.94324,510017987.8256495,550.6771675262194
2092-12-31,ssp585,NorESM2-LM,ssp585 (CMIP6) - NorESM2-LM,108.420265,510017987.8256495,552.2979926464969
2093-12-31,ssp585,NorESM2-LM,ssp585 (CMIP6) - NorESM2-LM,94.62472,510017987.8256495,488.7228596620987
2094-12-31,ssp585,NorESM2-LM,ssp585 (CMIP6) - NorESM2-LM,98.71852,510017987.8256495,506.3889019375115
2095-12-31,ssp585,NorESM2-LM,ssp585 (CMIP6) - NorESM2-LM,112.57379,510017987.8256495,577.7879083838171
2096-12-31,ssp585,NorESM2-LM,ssp585 (CMIP6) - NorESM2-LM,96.845024,510017987.8256495,490.5994563762642
2097-12-31,ssp585,NorESM2-LM,ssp585 (CMIP6) - NorESM2-LM,93.275795,510017987.8256495,467.4935029758754
2098-12-31,ssp585,NorESM2-LM,ssp585 (CMIP6) - NorESM2-LM,92.927216,510017987.8256495,468.24440508529256
2099-12-31,ssp585,NorESM2-LM,ssp585 (CMIP6) - NorESM2-LM,118.60883,510017987.8256495,600.4516927742164
2100-12-31,ssp585,NorESM2-LM,ssp585 (CMIP6) - NorESM2-LM,95.629654,510017987.8256495,479.5000075221585
